width: 72 pixels
height: 4128 pixels
channels: 3


0 0 0 0
0 0 0 0
0 0 0 0
0 0 0 0
0 0 0 0
0 0 0 0
0 0 0 0
0 0 0 0
0 0 0 0
0 0 0 0
0 0 0 0
0 0 0 0
0 0 0 0
0 0 0 0
0 0 0 0
0 0 0 0
0 0 0 0
0 0 0 0
0 0 0 0
1 0 0 0
1 0 0 0
1 0 0 0
0 0 0 0
0 0 0 0
0 0 0 0
0 0 0 0
0 0 0 0
0 0 0 0
1 0 0 0
1 0 0 0
1 0 0 0
0 0 0 0
0 0 0 1
0 0 0 0
0 0 0 0
0 0 0 0
0 0 0 0
0 0 0 0
0 0 0 0
0 0 0 0
1 0 0 0
1 0 0 1
1 0 0 0
1 0 0 1
1 0 0 0
1 0 0 0
1 0 0 0
1 0 0 1
1 0 0 0
1 0 0 0
2 0 0 0
2 0 0 0
3 1 0 0
3 1 0 0
2 0 0 0
1 0 0 1
2 0 0 0
3 0 0 0
3 0 0 0
3 0 0 1
4 0 0 1
4 0 0 0
5 1 0 0
5 0 0 1
6 1 0 0
6 1 0 1
6 1 0 0
6 1 0 1
6 1 0 0
6 1 0 0
6 1 0 0
5 1 0 0
5 1 0 0
5 1 0 0
5 1 0 1
5 1 0 0
5 1 0 1
6 1 0 0
6 0 0 1
6 1 0 1
7 1 0 1
8 1 0 1
8 1 0 1
8 1 0 0
8 1 0 0
8 1 0 0
8 1 0 0
8 1 0 0
8 1 0 0
9 1 0 1
9 1 0 1
9 1 0 1
9 1 0 1
8 1 0 1
8 1 0 1
8 1 0 1
8 1 0 1
9 1 0 0
9 1 0 1
9 1 0 1
9 1 0 1
9 1 0 1
9 1 0 1
9 1 0 1
9 1 0 1
9 1 0 1
9 1 0 1
9 1 0 1
9 1 0 1
9 1 0 0
9 1 0 0
8 1 0 1
9 1 0 1
9 1 0 1
9 1 0 1
9 1 0 1
9 1 0 1
9 1 0 0
9 1 0 1
9 1 0 1
9 1 0 1
9 2 0 0
10 1 0 0
11 1 0 0
11 1 0 0
10 1 0 0
10 1 0 0
10 1 0 0
10 1 0 0
10 1 0 0
10 1 0 0
11 1 0 0
11 1 0 0
11 1 0 0
11 1 0 0
11 1 0 0
11 1 0 0
11 1 0 0
11 1 0 0
11 1 0 0
11 1 0 0
11 1 0 0
11 1 0 0
12 1 0 0
12 1 0 0
12 1 0 0
11 1 0 0
11 1 0 0
11 1 0 0
11 1 0 0
11 1 0 0
11 1 0 0
11 1 0 0
11 1 0 0
11 1 0 0
11 1 0 0
11 1 0 0
11 1 0 0
11 1 0 0
11 1 0 0
11 1 0 0
11 1 0 0
11 1 0 0
11 1 0 0
11 1 0 0
11 1 0 0
11 1 0 0
11 1 0 0
11 1 0 0
11 1 0 0
11 1 0 0
11 1 0 0
11 1 0 0
11 1 0 0
11 1 0 0
11 1 0 0
11 1 0 0
12 1 0 0
12 1 0 0
12 1 0 0
11 1 0 0
11 1 0 0
11 1 0 0
11 1 0 0
8 1 0 2
9 1 0 1
11 0 0 1
11 1 0 0
11 1 0 0
11 1 0 0
11 1 0 0
11 1 0 0
11 1 0 0
11 1 0 0
11 1 0 0
11 1 0 0
11 1 0 0
11 1 0 0
11 1 0 0
11 1 0 0
11 1 0 0
11 0 0 1
11 0 0 1
11 0 0 1
11 1 0 0
12 1 0 0
12 1 0 0
12 0 0 0
12 0 0 0
12 1 0 0
11 1 0 0
11 1 0 0
11 1 0 0
11 1 0 0
12 0 0 0
12 1 0 0
11 1 0 0
12 1 0 0
11 0 0 0
12 1 0 0
12 1 0 0
12 1 0 0
12 1 0 0
12 1 0 0
12 1 0 0
12 0 0 1
13 0 0 0
12 0 0 0
11 1 0 0
12 1 0 0
12 1 0 1
12 1 0 0
11 1 0 0
11 1 0 0
12 1 0 0
12 0 0 0
12 0 0 0
12 0 0 0
11 1 0 0
11 1 0 0
12 1 0 1
11 1 0 0
11 1 0 0
12 1 0 0
12 0 0 0
13 0 0 0
12 0 0 0
12 1 0 0
12 0 0 0
13 0 0 0
12 0 0 1
12 0 0 0
12 0 0 1
12 0 0 0
12 0 0 1
12 0 0 0
12 1 0 0
12 1 0 0
12 0 0 1
12 1 0 0
12 1 0 0
13 0 0 0
13 0 0 0
12 0 0 0
12 0 0 1
13 0 0 1
13 0 0 1
13 0 0 0
13 0 0 0
13 0 0 0
12 0 0 1
13 0 0 1
13 0 0 0
12 0 0 0
12 0 0 0
12 0 0 0
12 0 0 1
12 0 0 0
12 0 0 1
13 0 0 1
14 0 0 0
14 0 0 0
13 0 0 0
13 0 0 0
13 1 0 0
12 1 0 0
12 0 0 1
13 0 0 0
13 0 0 0
13 0 0 0
13 0 0 0
14 0 0 0
14 0 0 0
14 0 0 0
14 0 0 1
14 0 0 1
13 0 0 1
13 0 0 0
13 0 0 1
13 0 0 0
12 0 0 0
13 0 0 0
13 0 0 0
12 1 0 0
12 1 0 0
13 0 0 0
13 1 0 0
12 1 0 0
12 0 0 0
13 0 0 1
13 0 0 1
13 0 0 1
13 0 0 0
13 0 0 0
13 0 0 0
13 0 0 0
13 0 0 0
14 0 0 1
13 0 0 1
13 0 0 1
13 0 0 0
13 0 0 1
13 0 0 1
13 0 0 1
13 0 0 1
13 0 0 1
13 0 0 1
13 0 0 1
14 0 0 0
14 0 0 0
14 0 0 1
14 0 0 1
15 0 0 1
14 0 0 1
13 1 0 0
14 0 0 0
13 0 0 1
13 0 0 1
13 0 0 1
14 0 0 0
14 0 0 1
14 0 0 0
15 0 0 1
14 0 0 1
13 0 0 1
14 0 0 1
14 0 0 0
14 0 0 0
14 0 0 0
14 0 0 0
15 0 0 1
15 0 0 1
15 0 0 1
15 0 0 1
13 0 0 1
14 0 0 1
15 0 0 1
16 0 0 3
15 0 0 1
14 0 0 1
14 0 0 1
15 1 0 1
14 0 0 1
15 0 0 1
16 0 0 1
16 0 0 1
15 0 0 1
15 0 0 1
15 0 0 1
15 0 0 0
12 0 0 0
11 1 0 1
15 1 0 0
14 0 0 2
15 0 0 0
15 0 0 1
16 0 0 2
15 0 0 0
15 0 0 0
15 0 0 1
15 0 0 1
15 0 0 1
15 0 0 1
14 0 0 1
14 0 0 1
15 0 0 1
15 1 0 0
15 0 0 3
15 0 0 1
14 0 0 1
13 0 0 1
15 0 0 1
15 0 0 1
15 0 0 1
15 0 0 1
15 0 0 1
16 0 0 1
16 0 0 1
16 1 0 1
16 0 0 1
15 0 0 1
15 0 0 1
17 0 0 3
17 0 0 2
16 0 0 2
15 0 0 2
16 0 0 2
16 0 0 2
17 1 0 1
17 1 0 1
15 0 0 2
16 0 0 2
17 0 0 2
17 1 0 1
17 1 0 1
20 1 0 1
21 2 0 2
20 1 0 1
19 1 0 3
19 2 0 2
20 2 0 2
20 1 0 2
20 1 0 2
20 1 0 1
17 1 0 3
16 0 0 2
18 0 0 3
17 1 0 1
17 1 0 1
17 2 0 2
17 1 0 1
18 0 0 2
18 0 0 3
18 0 0 3
20 1 0 2
20 1 0 1
20 1 0 1
19 2 0 1
20 1 0 2
20 1 0 2
21 2 0 3
20 1 0 1
21 1 0 1
20 1 0 1
18 1 0 1
20 0 0 3
19 1 0 1
19 1 0 2
21 2 0 2
21 2 0 1
20 2 0 2
21 2 0 2
20 1 0 3
20 2 0 2
22 3 0 2
22 2 0 3
21 2 0 4
22 3 0 1
23 4 0 1
24 3 0 1
24 3 0 1
24 3 0 2
23 3 0 1
23 2 0 3
25 4 0 3
23 3 0 2
23 2 0 3
22 2 0 1
22 2 0 2
23 3 0 3
22 3 0 1
22 3 0 3
23 4 0 2
23 3 0 1
24 3 0 1
24 3 0 1
25 4 0 2
25 3 0 3
25 2 0 3
24 3 0 2
23 3 0 2
23 3 0 1
24 3 0 2
24 3 0 1
25 2 0 3
25 2 0 2
23 3 0 3
22 2 0 1
22 2 0 2
22 2 0 2
22 2 0 2
23 3 0 1
23 3 0 1
24 4 0 2
24 3 0 1
25 4 0 1
26 4 0 3
26 4 0 2
26 4 0 1
25 4 0 1
24 3 0 2
25 3 0 1
26 4 0 2
28 4 0 3
27 4 0 3
26 4 0 3
26 4 0 1
26 5 0 2
26 4 0 3
25 3 0 2
26 3 0 3
28 4 0 2
28 4 0 2
27 4 0 2
26 4 0 2
29 6 0 1
30 6 0 2
29 5 0 1
31 5 0 3
31 6 0 2
30 6 0 1
30 7 0 2
30 6 0 3
30 5 0 3
30 6 0 3
29 6 0 2
30 6 0 1
30 6 0 2
30 6 0 2
29 5 0 3
29 5 0 2
30 7 0 2
30 5 0 3
30 5 0 3
29 6 0 1
29 6 0 2
29 6 0 3
30 6 0 2
30 6 0 3
31 6 0 3
30 6 0 2
31 6 0 3
32 6 0 3
33 6 0 4
31 6 0 3
31 5 0 3
31 6 0 2
32 6 0 4
32 6 0 2
32 6 0 3
32 6 0 3
33 6 0 2
33 7 0 2
32 6 0 3
32 6 0 4
31 5 0 3
26 4 0 1
20 2 0 5
29 6 0 4
29 5 0 3
31 6 0 3
30 4 0 2
31 6 0 2
31 5 0 2
32 6 0 2
32 6 0 5
32 5 0 3
32 5 0 3
31 6 0 3
31 6 0 3
30 5 0 3
31 7 0 2
31 7 0 2
31 6 0 3
31 6 0 3
31 6 0 2
32 6 0 3
33 7 0 2
35 8 0 4
36 8 0 3
35 7 0 2
34 6 0 3
35 7 0 3
36 7 0 3
36 8 0 3
35 8 0 2
36 8 0 4
35 8 0 3
36 8 0 2
36 8 0 3
36 7 0 3
36 7 0 5
35 6 0 2
35 7 0 2
34 7 0 3
33 6 0 3
33 6 0 2
34 7 0 3
37 10 0 2
35 7 0 3
36 7 0 4
38 8 0 3
40 9 0 4
39 8 0 3
37 7 0 4
36 8 0 3
37 8 0 2
38 8 0 4
39 8 0 3
38 9 0 2
38 9 0 3
38 9 0 3
39 8 0 2
39 9 0 2
40 9 0 4
39 8 0 4
38 8 0 4
37 7 0 5
38 8 0 3
40 8 0 5
41 9 0 4
40 9 0 3
41 9 0 4
41 9 0 4
42 9 0 5
44 9 0 4
44 9 0 4
43 9 0 5
40 8 0 2
42 10 0 5
44 10 0 4
43 10 0 3
41 10 0 3
44 9 0 5
44 9 0 5
41 10 0 3
42 10 0 3
40 10 0 4
38 8 0 3
45 10 0 5
47 11 0 4
48 11 0 2
48 10 0 4
47 10 0 3
47 11 0 3
46 11 0 3
47 11 0 5
46 11 0 4
46 11 0 4
46 11 0 4
47 11 0 5
47 11 0 5
44 10 0 3
43 11 0 3
45 10 0 3
46 11 0 5
46 10 0 4
46 11 0 5
48 11 0 5
48 11 0 3
50 11 0 4
51 12 0 3
52 11 0 1
53 12 0 4
51 12 0 4
47 11 0 3
49 11 0 4
49 11 0 3
49 11 0 4
51 11 0 5
53 12 0 3
50 10 0 3
48 11 0 1
49 11 0 4
51 11 0 5
52 10 0 5
50 12 0 5
46 11 0 5
47 11 0 4
49 11 0 5
50 11 0 3
51 12 0 5
54 12 0 5
55 12 0 4
55 12 0 5
55 12 0 5
55 11 0 5
54 13 0 4
55 12 0 4
57 12 0 6
56 12 0 6
54 12 0 4
55 13 0 5
54 12 0 5
54 12 0 5
54 12 0 5
54 13 0 4
54 13 0 5
54 12 0 4
54 12 0 4
53 13 0 5
56 12 0 6
56 13 0 5
57 14 0 4
62 12 0 5
60 13 0 6
61 14 0 6
61 14 0 5
62 15 0 5
60 14 0 5
59 13 0 7
59 12 0 5
59 13 0 6
57 14 0 5
58 13 0 5
60 13 0 6
61 13 0 7
59 13 0 4
58 13 0 6
60 12 0 6
60 14 0 5
59 15 0 4
59 14 0 4
61 14 0 5
62 14 0 4
62 13 0 7
61 14 0 5
63 14 0 5
64 15 0 5
62 14 0 3
62 13 0 5
63 13 0 6
63 14 0 5
62 14 0 5
62 15 0 7
64 14 0 7
63 15 0 6
62 14 0 5
64 13 0 5
64 15 0 6
66 16 0 5
60 15 0 5
50 11 0 8
38 7 0 6
56 11 0 4
60 13 0 3
60 13 0 4
58 13 0 3
58 14 0 5
57 13 0 3
58 12 0 3
60 13 0 6
59 12 0 3
60 12 0 4
60 12 0 5
63 13 0 4
59 15 0 3
59 14 0 3
62 13 0 5
64 15 0 6
61 15 0 4
62 15 0 5
62 13 0 3
64 14 0 6
65 14 0 5
66 14 0 5
63 14 0 5
64 14 0 6
66 13 0 5
62 15 0 3
67 14 0 3
65 14 0 5
66 14 0 6
67 14 0 5
64 14 0 4
64 14 0 4
66 13 0 4
65 14 0 5
65 13 0 4
62 14 0 4
64 14 0 5
63 13 0 4
61 12 0 6
64 13 0 5
67 14 0 5
66 14 0 5
67 14 0 5
69 14 0 7
68 15 0 5
68 14 0 5
68 14 0 6
69 14 0 5
69 16 0 5
67 15 0 4
67 14 0 5
69 16 0 4
69 15 0 5
68 15 0 5
70 14 0 5
70 15 0 5
72 15 0 6
71 15 0 6
67 14 0 4
68 15 0 6
69 15 0 4
72 15 0 5
73 15 0 5
74 16 0 7
74 15 0 7
74 15 0 7
75 14 0 8
74 15 0 6
73 15 0 6
71 15 0 6
72 15 0 7
73 16 0 7
75 15 0 7
74 14 0 6
72 15 0 5
72 15 0 5
73 16 0 6
75 16 0 6
75 15 0 6
75 15 0 8
74 17 0 5
76 17 0 7
81 16 0 6
80 17 0 5
78 17 0 5
77 16 0 4
77 16 0 7
78 16 0 6
78 16 0 5
78 17 0 6
77 18 0 6
79 16 0 7
76 17 0 5
78 16 0 6
77 17 0 6
77 16 0 7
77 15 0 6
80 17 0 9
79 17 0 7
79 16 0 8
78 17 0 5
81 16 0 7
83 17 0 7
83 17 0 5
84 18 0 5
83 18 0 5
84 17 0 8
83 18 0 6
83 17 0 5
83 17 0 6
83 18 0 6
83 17 0 6
83 18 0 6
83 17 0 6
83 17 0 7
81 16 0 7
83 16 0 7
83 16 0 6
85 17 0 7
83 17 0 7
82 17 0 6
81 16 0 5
83 16 0 7
87 17 0 8
88 17 0 7
88 17 0 6
89 18 0 6
87 18 0 5
87 18 0 6
89 18 0 7
87 18 0 6
86 17 0 8
86 17 0 7
86 17 0 6
88 17 0 7
88 17 0 7
87 18 0 7
87 18 0 7
87 18 0 7
86 18 0 7
85 19 0 5
86 18 0 6
85 17 0 6
87 18 0 7
90 19 0 7
89 19 0 6
89 19 0 6
89 19 0 7
90 18 0 8
91 18 0 7
91 19 0 6
91 19 0 7
91 19 0 7
91 19 0 7
89 20 0 6
89 19 0 7
88 20 0 7
90 18 0 8
89 18 0 8
89 18 0 7
89 19 0 7
90 18 0 7
91 18 0 7
91 18 0 7
93 19 0 8
93 19 0 9
93 19 0 9
95 20 0 9
93 20 0 8
93 20 0 7
93 20 0 7
91 20 0 5
92 20 0 7
94 19 0 7
94 20 0 8
94 20 0 8
93 19 0 7
94 20 0 7
94 21 0 7
93 19 0 7
94 19 0 9
94 19 0 9
93 19 0 8
92 19 0 9
90 19 0 9
93 19 0 10
93 19 0 9
94 20 0 9
93 20 0 9
95 21 0 9
95 21 0 9
95 20 0 9
95 20 0 9
94 20 0 8
95 20 0 9
94 21 0 9
94 21 0 9
95 21 0 10
93 21 0 9
95 21 0 10
94 21 0 9
94 20 0 9
96 20 0 9
95 21 0 9
96 21 0 10
96 21 0 9
96 21 0 10
96 22 0 9
96 22 0 10
96 22 0 10
96 22 0 10
94 21 0 8
96 22 0 10
95 22 0 9
96 22 0 10
95 22 0 9
95 22 0 9
95 22 0 10
95 22 0 10
95 22 0 9
95 22 0 9
96 22 0 10
96 22 0 10
96 22 0 10
96 22 0 10
97 23 0 11
97 23 0 11
97 23 0 11
96 23 0 10
96 23 0 10
96 23 0 10
96 23 0 10
96 23 0 10
96 23 0 10
96 23 0 10
96 23 0 10
97 23 0 11
97 23 0 10
96 23 0 10
96 22 0 11
95 22 0 12
96 22 0 11
97 23 0 11
96 22 0 10
97 23 0 11
97 23 0 11
98 24 0 11
97 24 0 10
97 24 0 10
97 24 0 10
97 24 0 11
97 24 0 10
97 24 0 11
97 24 0 11
97 24 0 11
97 24 0 11
97 24 0 11
97 24 0 11
97 24 0 11
97 24 0 10
96 24 0 10
97 24 0 10
97 24 0 11
97 24 0 11
96 24 0 10
98 25 0 12
98 25 0 12
98 25 0 12
98 25 0 12
98 25 0 12
98 25 0 12
98 25 0 12
98 25 0 12
98 25 0 12
97 25 0 11
98 25 0 12
98 25 0 11
98 25 0 12
97 26 0 12
98 25 0 12
99 25 0 12
98 25 0 12
97 26 0 12
98 26 0 12
99 26 0 12
97 25 0 12
