width: 1327 pixels
height: 1684 pixels
channels: 3


(155, 117, 238)
(251, 87, 186)
(251, 93, 174)
(246, 88, 169)
(251, 88, 184)
(244, 81, 177)
(251, 88, 184)
(251, 88, 182)
(239, 74, 168)
(247, 84, 180)
(251, 90, 186)
(251, 98, 189)
(251, 98, 189)
(250, 100, 191)
(251, 88, 184)
(251, 88, 184)
(251, 88, 184)
(251, 88, 184)
(249, 90, 174)
(251, 95, 179)
(246, 87, 171)
(245, 88, 169)
(242, 85, 166)
(241, 83, 164)
(251, 78, 164)
(245, 72, 164)
(243, 60, 151)
(239, 57, 135)
(251, 53, 139)
(251, 42, 124)
(241, 33, 104)
(247, 19, 75)
(246, 3, 34)
(245, 213, 209)
(246, 203, 192)
(234, 226, 202)
(247, 206, 160)
(204, 136, 47)
(48, 144, 11)
(83, 90, 86)
(91, 175, 105)
(79, 192, 128)
(88, 221, 134)
(46, 157, 56)
(187, 102, 207)
(197, 97, 162)
(123, 211, 111)
(206, 74, 54)
(216, 94, 74)
(37, 166, 80)
(205, 247, 18)
(134, 228, 51)
(216, 61, 9)
(154, 1, 102)
(208, 140, 170)
(157, 94, 199)
(37, 164, 127)
(143, 213, 203)
(251, 43, 139)
(246, 99, 27)
(244, 67, 3)
(246, 39, 15)
(230, 23, 2)
(206, 250, 2)
(183, 232, 12)
(158, 217, 12)
(139, 203, 19)
(35, 175, 15)
(178, 144, 25)
(14, 130, 9)
(49, 133, 1)
(70, 125, 13)
(38, 132, 17)
(9, 138, 13)
(251, 154, 4)
(196, 154, 12)
(165, 146, 27)
(185, 131, 4)
(54, 145, 11)
(62, 117, 5)
(46, 105, 15)
(36, 115, 5)
(237, 107, 11)
(36, 158, 34)
(14, 144, 10)
(169, 124, 12)
(152, 115, 15)
(227, 118, 22)
(0, 101, 9)
(187, 82, 0)
(112, 68, 0)
(93, 61, 22)
(27, 29, 5)
(162, 96, 27)
(72, 139, 21)
(82, 136, 5)
(80, 128, 0)
(32, 128, 12)
(237, 121, 17)
(97, 98, 16)
(72, 65, 9)
(199, 75, 4)
(176, 65, 27)
(44, 84, 9)
(249, 76, 51)
(89, 54, 12)
(38, 66, 21)
(136, 53, 6)
(39, 69, 40)
(61, 43, 18)
(80, 80, 48)
(251, 110, 30)
(241, 87, 26)
(124, 55, 21)
(7, 7, 5)
(126, 1, 8)
(36, 6, 0)
(16, 3, 26)
(180, 124, 60)
(209, 58, 30)
(95, 140, 13)
(142, 156, 24)
(71, 40, 2)
(232, 4, 0)
(37, 49, 40)
(197, 6, 12)
(248, 2, 0)
(158, 169, 19)
(234, 67, 0)
(120, 34, 12)
(34, 9, 5)
(66, 154, 41)
(220, 153, 20)
(248, 159, 4)
(238, 172, 3)
(241, 175, 2)
(238, 142, 2)
(230, 146, 13)
(178, 130, 10)
(134, 98, 0)
(167, 100, 0)
(163, 126, 3)
(164, 141, 38)
(81, 73, 10)
(199, 129, 16)
(248, 157, 2)
(246, 170, 1)
(240, 164, 0)
(242, 166, 1)
(250, 176, 6)
(249, 173, 3)
(245, 179, 5)
(236, 170, 0)
(247, 171, 1)
(244, 168, 0)
(246, 180, 2)
(249, 183, 3)
(248, 183, 4)
(250, 190, 15)
(235, 199, 10)
(250, 232, 16)
(244, 248, 0)
(250, 244, 0)
(251, 245, 0)
(251, 247, 2)
(241, 245, 0)
(246, 250, 0)
(251, 245, 0)
(237, 231, 0)
(247, 220, 5)
(246, 205, 5)
(238, 176, 0)
(234, 169, 6)
(247, 180, 14)
(221, 251, 0)
(214, 7, 72)
(144, 149, 98)
(1, 246, 15)
(0, 245, 3)
(0, 250, 10)
(1, 1, 26)
(251, 225, 11)
(244, 209, 11)
(224, 177, 11)
(234, 149, 16)
(31, 141, 41)
(213, 188, 69)
(204, 79, 106)
(236, 47, 10)
(0, 44, 8)
(239, 43, 15)
(228, 57, 3)
(236, 77, 14)
(236, 91, 6)
(242, 106, 0)
(238, 110, 0)
(21, 156, 15)
(64, 178, 3)
(48, 163, 17)
(205, 84, 12)
(76, 196, 2)
(94, 194, 5)
(89, 210, 8)
(92, 222, 2)
(103, 238, 9)
(105, 251, 7)
(158, 21, 13)
(169, 23, 0)
(176, 250, 14)
(181, 206, 12)
(144, 149, 15)
(116, 116, 9)
(115, 119, 1)
(124, 129, 5)
(134, 139, 15)
(135, 150, 13)
(137, 152, 3)
(153, 173, 9)
(156, 180, 9)
(155, 189, 5)
(154, 193, 7)
(155, 201, 3)
(143, 212, 16)
(129, 208, 7)
(124, 221, 3)
(108, 225, 2)
(104, 234, 5)
(104, 242, 1)
(109, 253, 9)
(101, 0, 0)
(115, 255, 0)
(133, 255, 2)
(189, 250, 0)
(158, 97, 27)
(168, 116, 44)
(223, 66, 213)
(244, 63, 34)
(250, 135, 140)
(248, 175, 161)


(172, 114, 235)
(251, 92, 176)
(251, 98, 185)
(245, 92, 179)
(240, 87, 174)
(245, 82, 178)
(251, 98, 189)
(251, 98, 189)
(246, 93, 184)
(250, 99, 190)
(250, 97, 188)
(250, 97, 188)
(246, 93, 184)
(251, 102, 193)
(251, 100, 191)
(251, 101, 192)
(251, 98, 189)
(251, 98, 189)
(247, 100, 189)
(251, 105, 194)
(246, 99, 188)
(246, 93, 184)
(248, 85, 181)
(241, 78, 174)
(242, 79, 175)
(248, 90, 171)
(246, 73, 159)
(242, 69, 155)
(243, 65, 141)
(234, 46, 124)
(241, 33, 104)
(248, 11, 40)
(243, 209, 188)
(242, 109, 49)
(161, 3, 5)
(252, 211, 13)
(104, 198, 6)
(137, 42, 11)
(238, 253, 41)
(88, 149, 159)
(115, 12, 69)
(118, 95, 174)
(100, 114, 187)
(103, 108, 166)
(146, 89, 130)
(177, 32, 41)
(193, 241, 210)
(69, 71, 80)
(111, 158, 85)
(182, 255, 222)
(230, 145, 177)
(54, 190, 51)
(212, 32, 29)
(248, 219, 25)
(200, 239, 180)
(219, 213, 148)
(218, 116, 220)
(236, 109, 233)
(215, 162, 137)
(241, 130, 83)
(244, 111, 34)
(247, 78, 6)
(247, 55, 1)
(241, 24, 15)
(204, 248, 1)
(173, 234, 15)
(151, 220, 8)
(109, 198, 0)
(182, 151, 18)
(249, 122, 15)
(74, 124, 5)
(70, 114, 3)
(52, 129, 5)
(51, 126, 4)
(38, 136, 4)
(17, 127, 13)
(215, 141, 18)
(45, 119, 3)
(46, 110, 0)
(53, 102, 1)
(71, 120, 10)
(70, 119, 9)
(66, 136, 16)
(13, 108, 13)
(25, 118, 23)
(51, 135, 8)
(58, 137, 33)
(18, 100, 34)
(166, 148, 29)
(200, 152, 12)
(157, 131, 6)
(98, 120, 0)
(55, 113, 1)
(15, 106, 9)
(207, 86, 14)
(103, 76, 14)
(22, 57, 10)
(171, 61, 9)
(82, 65, 1)
(8, 69, 4)
(213, 87, 23)
(144, 87, 37)
(119, 80, 28)
(99, 70, 15)
(16, 66, 19)
(2, 56, 35)
(148, 25, 3)
(218, 46, 14)
(51, 78, 24)
(32, 92, 40)
(33, 79, 36)
(61, 83, 46)
(88, 79, 27)
(90, 74, 26)
(160, 53, 13)
(24, 103, 84)
(163, 7, 1)
(44, 22, 10)
(253, 28, 2)
(225, 32, 16)
(203, 26, 12)
(184, 34, 22)
(161, 22, 9)
(5, 12, 12)
(202, 52, 46)
(187, 109, 43)
(162, 66, 0)
(16, 1, 8)
(174, 78, 35)
(236, 7, 2)
(55, 3, 1)
(168, 9, 9)
(106, 142, 26)
(223, 150, 12)
(239, 159, 3)
(251, 161, 0)
(245, 169, 0)
(245, 179, 4)
(242, 168, 1)
(251, 155, 15)
(231, 165, 17)
(133, 92, 3)
(178, 122, 8)
(229, 158, 8)
(242, 166, 0)
(248, 182, 7)
(245, 169, 1)
(247, 171, 1)
(249, 175, 5)
(249, 184, 9)
(234, 168, 0)
(240, 174, 1)
(241, 175, 0)
(238, 182, 0)
(249, 194, 9)
(238, 191, 11)
(251, 255, 17)
(251, 2, 3)
(251, 255, 0)
(251, 248, 3)
(246, 242, 6)
(244, 226, 8)
(240, 222, 3)
(239, 212, 3)
(234, 196, 0)
(246, 196, 11)
(245, 189, 4)
(248, 179, 6)
(249, 161, 3)
(238, 171, 2)
(249, 184, 9)
(247, 183, 2)
(240, 180, 3)
(241, 180, 5)
(238, 219, 13)
(246, 81, 109)
(211, 198, 11)
(239, 143, 5)
(238, 132, 7)
(238, 162, 2)
(251, 191, 16)
(237, 198, 11)
(157, 248, 19)
(45, 73, 9)
(6, 124, 2)
(244, 184, 3)
(30, 246, 10)
(35, 16, 5)
(58, 54, 8)
(223, 95, 13)
(219, 23, 170)
(167, 245, 135)
(112, 182, 27)
(43, 114, 0)
(10, 145, 8)
(14, 212, 8)
(5, 225, 6)
(224, 178, 16)
(148, 87, 16)
(53, 233, 8)
(53, 233, 9)
(63, 243, 1)
(76, 5, 2)
(84, 7, 2)
(87, 16, 1)
(162, 74, 19)
(198, 67, 3)
(231, 66, 5)
(240, 29, 6)
(215, 235, 11)
(170, 185, 1)
(172, 197, 1)
(190, 216, 6)
(191, 224, 8)
(184, 225, 0)
(179, 230, 12)
(182, 227, 11)
(198, 210, 5)
(81, 226, 11)
(59, 247, 13)
(165, 7, 24)
(217, 12, 50)
(201, 6, 79)
(89, 235, 54)
(237, 202, 47)
(150, 191, 20)
(70, 177, 18)
(23, 171, 7)
(0, 180, 11)
(254, 184, 10)
(245, 200, 9)
(240, 191, 0)
(233, 207, 6)
(199, 208, 1)
(226, 194, 6)
(103, 32, 18)
(154, 110, 44)
(241, 67, 228)
(241, 73, 51)


(144, 128, 233)
(245, 104, 191)
(251, 115, 201)
(248, 103, 193)
(251, 106, 196)
(247, 109, 195)
(247, 109, 195)
(245, 108, 194)
(251, 114, 200)
(250, 112, 198)
(246, 108, 194)
(244, 106, 192)
(244, 106, 192)
(248, 110, 196)
(251, 113, 207)
(251, 113, 209)
(251, 113, 209)
(251, 113, 209)
(248, 113, 209)
(244, 106, 202)
(246, 108, 204)
(246, 108, 204)
(246, 108, 204)
(245, 107, 203)
(249, 112, 208)
(247, 113, 209)
(251, 113, 209)
(246, 89, 191)
(249, 78, 174)
(243, 66, 144)
(235, 43, 119)
(249, 24, 60)
(237, 202, 194)
(241, 108, 64)
(193, 56, 19)
(149, 37, 20)
(178, 67, 28)
(166, 149, 32)
(193, 59, 151)
(208, 202, 36)
(205, 48, 180)
(189, 116, 15)
(177, 177, 51)
(157, 189, 107)
(169, 246, 196)
(237, 146, 243)
(234, 216, 16)
(196, 35, 219)
(64, 168, 120)
(184, 68, 197)
(222, 75, 249)
(150, 72, 76)
(28, 207, 23)
(144, 220, 93)
(130, 63, 41)
(172, 77, 0)
(56, 129, 177)
(129, 40, 120)
(251, 77, 147)
(186, 184, 154)
(241, 134, 126)
(242, 107, 73)
(249, 77, 26)
(251, 55, 4)
(231, 16, 6)
(203, 245, 8)
(179, 222, 12)
(142, 198, 9)
(127, 193, 13)
(83, 174, 19)
(21, 95, 4)
(141, 136, 26)
(27, 109, 8)
(51, 115, 2)
(47, 123, 13)
(9, 108, 12)
(28, 125, 11)
(64, 107, 10)
(61, 110, 3)
(69, 113, 3)
(76, 107, 4)
(90, 109, 11)
(88, 107, 19)
(88, 103, 2)
(91, 106, 5)
(84, 105, 14)
(28, 93, 8)
(125, 58, 10)
(133, 82, 28)
(153, 40, 11)
(76, 156, 70)
(21, 94, 7)
(150, 64, 10)
(47, 47, 1)
(226, 19, 9)
(168, 77, 39)
(220, 61, 6)
(195, 55, 15)
(161, 35, 11)
(119, 19, 8)
(84, 14, 11)
(37, 7, 6)
(227, 2, 2)
(166, 7, 9)
(120, 3, 7)
(168, 9, 11)
(248, 16, 14)
(40, 17, 14)
(82, 17, 6)
(148, 25, 13)
(215, 56, 9)
(38, 92, 18)
(104, 125, 14)
(209, 153, 16)
(218, 164, 8)
(216, 156, 48)
(66, 153, 45)
(220, 79, 18)
(195, 59, 12)
(81, 78, 31)
(73, 86, 22)
(53, 87, 37)
(68, 75, 24)
(63, 87, 33)
(67, 82, 36)
(66, 81, 35)
(83, 71, 27)
(2, 93, 36)
(184, 160, 20)
(240, 153, 10)
(235, 159, 0)
(241, 165, 5)
(249, 174, 14)
(245, 169, 2)
(243, 163, 3)
(246, 155, 1)
(244, 148, 10)
(232, 149, 4)
(134, 98, 3)
(139, 109, 3)
(196, 128, 5)
(213, 148, 1)
(247, 151, 11)
(244, 168, 8)
(233, 157, 0)
(240, 175, 2)
(244, 172, 10)
(245, 169, 7)
(241, 166, 6)
(248, 181, 15)
(231, 160, 3)
(251, 192, 17)
(249, 217, 4)
(248, 250, 3)
(250, 253, 6)
(238, 231, 0)
(243, 210, 0)
(247, 183, 6)
(236, 170, 6)
(239, 179, 3)
(249, 184, 9)
(249, 177, 6)
(239, 165, 1)
(244, 178, 3)
(246, 184, 9)
(243, 175, 1)
(248, 182, 7)
(237, 167, 6)
(247, 206, 16)
(242, 216, 8)
(209, 48, 80)
(220, 66, 150)
(216, 139, 9)
(207, 125, 10)
(192, 118, 4)
(191, 123, 14)
(161, 113, 8)
(163, 108, 9)
(162, 107, 3)
(168, 106, 8)
(168, 107, 20)
(182, 111, 5)
(200, 120, 0)
(229, 135, 4)
(247, 154, 16)
(249, 156, 3)
(243, 164, 1)
(246, 164, 6)
(241, 179, 4)
(248, 189, 10)
(239, 181, 4)
(205, 244, 4)
(154, 117, 13)
(78, 10, 6)
(211, 186, 24)
(45, 248, 12)
(138, 215, 1)
(231, 61, 22)
(123, 179, 2)
(130, 198, 14)
(141, 238, 12)
(138, 13, 4)
(210, 102, 11)
(39, 151, 0)
(120, 185, 4)
(167, 178, 14)
(148, 139, 11)
(42, 30, 2)
(248, 228, 0)
(219, 200, 4)
(202, 203, 7)
(198, 212, 1)
(211, 231, 12)
(218, 253, 0)
(236, 7, 17)
(169, 43, 10)
(53, 94, 33)
(225, 122, 128)
(232, 69, 235)
(233, 76, 53)
(246, 67, 93)
(242, 121, 161)
(250, 182, 196)
(243, 201, 194)
(250, 204, 209)
(251, 206, 211)
(251, 208, 212)
(248, 206, 210)
(249, 213, 216)
(246, 211, 211)
(244, 209, 209)
(250, 214, 211)
(250, 212, 209)
(246, 208, 201)
(246, 208, 209)
(246, 211, 215)
(248, 214, 216)
(245, 215, 216)
(244, 221, 217)


(173, 127, 4)
(251, 97, 196)
(242, 104, 190)
(248, 113, 199)
(251, 116, 202)
(246, 108, 194)
(244, 106, 192)
(245, 107, 193)
(246, 108, 194)
(246, 110, 200)
(248, 110, 200)
(251, 103, 204)
(249, 112, 208)
(250, 118, 214)
(250, 117, 213)
(250, 117, 213)
(251, 119, 215)
(251, 120, 216)
(248, 116, 212)
(242, 109, 207)
(247, 114, 218)
(245, 112, 213)
(244, 111, 212)
(244, 105, 209)
(243, 104, 208)
(251, 108, 214)
(251, 113, 209)
(242, 108, 204)
(245, 92, 193)
(251, 72, 171)
(246, 55, 131)
(248, 15, 56)
(242, 182, 148)
(235, 75, 9)
(194, 4, 12)
(140, 239, 13)
(77, 208, 3)
(131, 81, 31)
(156, 108, 134)
(207, 228, 17)
(242, 15, 142)
(237, 61, 231)
(226, 147, 56)
(124, 198, 195)
(207, 206, 188)
(207, 203, 202)
(230, 219, 124)
(191, 166, 161)
(131, 207, 184)
(154, 10, 161)
(203, 77, 186)
(187, 118, 27)
(67, 136, 71)
(157, 36, 82)
(178, 125, 172)
(213, 209, 63)
(243, 7, 106)
(226, 110, 29)
(203, 156, 48)
(209, 16, 74)
(209, 202, 178)
(242, 150, 162)
(241, 119, 135)
(251, 96, 78)
(246, 58, 20)
(250, 21, 17)
(203, 242, 17)
(177, 216, 6)
(161, 197, 11)
(134, 188, 39)
(110, 96, 0)
(160, 124, 14)
(206, 128, 3)
(221, 119, 2)
(247, 112, 6)
(19, 94, 7)
(32, 109, 15)
(208, 59, 16)
(50, 119, 26)
(92, 111, 2)
(103, 102, 8)
(140, 108, 24)
(170, 115, 11)
(198, 124, 3)
(218, 132, 21)
(232, 136, 11)
(239, 133, 8)
(248, 133, 8)
(245, 129, 6)
(238, 141, 9)
(246, 135, 19)
(191, 114, 27)
(77, 72, 3)
(135, 18, 4)
(110, 107, 34)
(240, 153, 25)
(208, 132, 16)
(70, 74, 8)
(192, 26, 16)
(120, 93, 39)
(238, 138, 18)
(247, 152, 3)
(243, 172, 12)
(241, 165, 5)
(248, 153, 13)
(247, 135, 1)
(249, 141, 5)
(242, 141, 2)
(247, 146, 6)
(249, 148, 8)
(238, 142, 12)
(239, 133, 8)
(240, 140, 0)
(246, 146, 6)
(245, 149, 11)
(246, 144, 7)
(246, 144, 7)
(243, 142, 2)
(241, 140, 2)
(246, 147, 7)
(245, 146, 6)
(248, 157, 3)
(250, 160, 5)
(236, 160, 1)
(244, 171, 11)
(242, 177, 2)
(236, 160, 3)
(243, 168, 8)
(241, 165, 1)
(244, 150, 4)
(231, 156, 18)
(230, 159, 7)
(115, 130, 46)
(72, 4, 14)
(154, 17, 5)
(93, 76, 3)
(145, 117, 18)
(196, 126, 15)
(236, 132, 11)
(239, 142, 3)
(243, 152, 0)
(245, 169, 1)
(243, 161, 2)
(242, 147, 0)
(244, 129, 4)
(236, 134, 2)
(241, 161, 5)
(251, 179, 9)
(239, 173, 0)
(248, 187, 12)
(245, 195, 10)
(240, 202, 3)
(248, 193, 8)
(247, 179, 5)
(238, 172, 0)
(249, 188, 13)
(236, 173, 3)
(244, 174, 2)
(233, 163, 0)
(239, 169, 0)
(242, 176, 1)
(246, 180, 5)
(244, 170, 1)
(245, 201, 10)
(227, 210, 1)
(242, 20, 38)
(233, 88, 123)
(251, 160, 220)
(251, 189, 23)
(96, 85, 5)
(85, 78, 1)
(79, 74, 0)
(90, 79, 2)
(110, 84, 13)
(116, 90, 6)
(129, 98, 5)
(145, 109, 4)
(172, 116, 11)
(196, 123, 15)
(199, 128, 8)
(206, 136, 7)
(215, 137, 7)
(221, 141, 11)
(229, 136, 5)
(241, 139, 3)
(244, 148, 8)
(250, 160, 5)
(251, 165, 0)
(248, 172, 3)
(248, 183, 8)
(250, 186, 11)
(243, 177, 2)
(238, 162, 4)
(239, 163, 4)
(240, 161, 2)
(237, 161, 3)
(236, 160, 2)
(241, 165, 5)
(238, 162, 0)
(245, 167, 0)
(243, 173, 0)
(247, 170, 9)
(245, 183, 7)
(245, 205, 8)
(235, 233, 4)
(248, 32, 14)
(237, 112, 35)
(242, 179, 85)
(244, 235, 132)
(248, 43, 198)
(238, 51, 176)
(160, 89, 105)
(148, 102, 69)
(237, 126, 185)
(238, 82, 19)
(242, 81, 84)
(239, 97, 127)
(243, 137, 199)
(249, 197, 225)
(245, 232, 248)
(249, 237, 253)
(250, 240, 0)
(251, 241, 6)
(247, 234, 250)
(244, 231, 247)
(248, 237, 253)
(250, 238, 254)
(250, 238, 254)
(251, 238, 254)
(251, 239, 252)
(248, 240, 241)
(251, 245, 246)
(245, 237, 238)
(251, 237, 247)
(251, 235, 235)
(251, 235, 241)
(251, 236, 242)
(251, 237, 243)
(251, 243, 244)


(179, 117, 241)
(251, 112, 204)
(251, 113, 199)
(251, 113, 199)
(251, 113, 199)
(251, 113, 199)
(243, 111, 194)
(248, 118, 208)
(241, 110, 200)
(251, 122, 212)
(251, 118, 214)
(251, 113, 209)
(251, 113, 209)
(251, 113, 209)
(244, 111, 207)
(251, 118, 217)
(249, 122, 218)
(247, 120, 213)
(248, 123, 221)
(251, 128, 224)
(247, 134, 230)
(243, 130, 230)
(248, 135, 241)
(245, 133, 238)
(251, 136, 244)
(251, 126, 237)
(248, 121, 232)
(251, 126, 231)
(247, 117, 224)
(243, 106, 209)
(244, 92, 196)
(249, 79, 171)
(248, 47, 129)
(241, 244, 18)
(248, 149, 105)
(223, 45, 11)
(138, 237, 5)
(66, 200, 20)
(91, 53, 9)
(145, 57, 115)
(166, 178, 7)
(219, 234, 127)
(245, 55, 13)
(209, 171, 131)
(140, 230, 207)
(221, 226, 183)
(223, 228, 197)
(251, 200, 20)
(211, 124, 109)
(40, 138, 112)
(108, 42, 187)
(236, 141, 57)
(172, 228, 19)
(203, 120, 10)
(215, 121, 235)
(61, 239, 139)
(248, 198, 147)
(249, 106, 36)
(217, 91, 53)
(194, 24, 35)
(228, 208, 232)
(236, 173, 211)
(239, 146, 187)
(241, 97, 145)
(243, 86, 116)
(238, 57, 67)
(235, 24, 12)
(205, 245, 7)
(179, 218, 2)
(163, 207, 7)
(140, 185, 8)
(130, 175, 0)
(51, 161, 11)
(93, 128, 8)
(171, 95, 5)
(115, 106, 34)
(116, 63, 7)
(99, 64, 13)
(154, 100, 25)
(188, 112, 10)
(205, 108, 13)
(27, 122, 21)
(3, 104, 15)
(221, 60, 12)
(200, 10, 3)
(22, 63, 22)
(112, 104, 1)
(161, 127, 17)
(185, 114, 4)
(216, 145, 28)
(215, 118, 3)
(245, 127, 6)
(245, 133, 8)
(244, 136, 7)
(250, 135, 10)
(236, 134, 7)
(248, 151, 15)
(234, 154, 8)
(239, 131, 15)
(205, 109, 8)
(103, 81, 18)
(217, 17, 2)
(44, 39, 21)
(165, 122, 38)
(198, 128, 17)
(176, 104, 7)
(112, 81, 5)
(60, 56, 13)
(29, 35, 11)
(23, 15, 0)
(34, 35, 2)
(67, 57, 7)
(105, 71, 19)
(167, 108, 26)
(182, 116, 20)
(199, 143, 20)
(169, 112, 13)
(97, 83, 14)
(249, 37, 9)
(222, 14, 3)
(18, 49, 10)
(83, 67, 26)
(87, 61, 11)
(46, 37, 11)
(38, 37, 5)
(13, 68, 50)
(15, 4, 4)
(158, 4, 11)
(165, 8, 14)
(198, 1, 2)
(20, 11, 12)
(197, 22, 1)
(74, 67, 4)
(202, 96, 13)
(245, 127, 3)
(244, 142, 8)
(251, 160, 7)
(248, 155, 4)
(247, 166, 3)
(242, 166, 6)
(240, 164, 4)
(244, 168, 8)
(237, 164, 4)
(236, 160, 1)
(238, 156, 1)
(230, 159, 6)
(232, 166, 0)
(250, 186, 17)
(241, 181, 4)
(237, 171, 2)
(241, 169, 1)
(245, 173, 1)
(237, 161, 0)
(244, 168, 8)
(240, 164, 4)
(241, 158, 5)
(246, 168, 6)
(251, 171, 4)
(243, 178, 4)
(234, 211, 6)
(238, 14, 51)
(221, 97, 179)
(229, 179, 31)
(137, 136, 20)
(153, 111, 8)
(114, 90, 7)
(69, 72, 14)
(4, 64, 12)
(171, 48, 8)
(107, 17, 5)
(60, 15, 5)
(76, 22, 0)
(131, 47, 9)
(193, 63, 12)
(9, 69, 10)
(54, 78, 10)
(93, 96, 13)
(122, 112, 7)
(148, 121, 9)
(163, 138, 18)
(163, 133, 9)
(161, 133, 2)
(172, 133, 11)
(161, 125, 7)
(161, 127, 3)
(162, 130, 1)
(166, 134, 3)
(180, 137, 2)
(194, 142, 4)
(217, 136, 5)
(235, 148, 5)
(241, 150, 0)
(247, 162, 3)
(245, 160, 1)
(243, 158, 1)
(237, 161, 3)
(240, 164, 4)
(246, 166, 0)
(246, 168, 2)
(247, 171, 3)
(251, 182, 12)
(251, 175, 5)
(241, 175, 0)
(242, 175, 2)
(247, 182, 3)
(241, 195, 6)
(244, 208, 8)
(246, 250, 0)
(242, 33, 14)
(235, 65, 75)
(249, 94, 149)
(248, 103, 160)
(248, 81, 122)
(242, 51, 38)
(244, 249, 12)
(231, 232, 7)
(236, 82, 95)
(244, 208, 235)
(240, 34, 92)
(246, 102, 162)
(243, 167, 216)
(244, 240, 0)
(236, 2, 13)
(250, 7, 15)
(251, 7, 15)
(251, 7, 13)
(249, 5, 11)
(250, 9, 15)
(250, 9, 15)
(249, 5, 11)
(240, 252, 2)
(238, 250, 0)
(246, 2, 8)
(249, 251, 6)
(250, 252, 7)
(251, 254, 9)
(249, 251, 6)
(251, 255, 10)
(249, 254, 9)


(155, 145, 0)
(251, 124, 222)
(246, 123, 204)
(245, 123, 204)
(244, 121, 202)
(249, 118, 214)
(251, 118, 214)
(251, 118, 214)
(251, 118, 214)
(249, 120, 214)
(249, 120, 214)
(243, 118, 215)
(251, 131, 228)
(250, 126, 223)
(251, 136, 232)
(251, 129, 225)
(251, 128, 224)
(248, 135, 231)
(250, 146, 248)
(246, 152, 253)
(245, 152, 253)
(244, 149, 250)
(237, 142, 243)
(247, 139, 255)
(250, 144, 4)
(250, 142, 2)
(251, 145, 5)
(241, 139, 1)
(237, 135, 253)
(248, 146, 8)
(238, 145, 8)
(249, 140, 9)
(246, 118, 229)
(246, 68, 179)
(245, 43, 115)
(242, 225, 1)
(233, 113, 69)
(210, 17, 5)
(85, 216, 8)
(231, 170, 0)
(56, 12, 16)
(120, 242, 97)
(179, 186, 42)
(188, 49, 187)
(208, 175, 139)
(198, 10, 252)
(134, 25, 84)
(233, 176, 93)
(223, 225, 166)
(248, 196, 105)
(165, 58, 64)
(70, 197, 180)
(66, 209, 127)
(31, 31, 98)
(245, 230, 178)
(139, 71, 77)
(12, 82, 28)
(87, 240, 168)
(212, 36, 54)
(75, 17, 25)
(59, 107, 177)
(144, 64, 48)
(132, 39, 233)
(216, 208, 243)
(250, 134, 220)
(243, 122, 170)
(239, 64, 122)
(234, 42, 53)
(215, 3, 11)
(165, 209, 11)
(121, 185, 4)
(127, 181, 6)
(128, 182, 3)
(136, 190, 15)
(108, 169, 7)
(67, 81, 5)
(113, 108, 28)
(214, 108, 7)
(250, 99, 9)
(35, 79, 1)
(63, 90, 14)
(62, 78, 13)
(46, 72, 5)
(4, 49, 3)
(199, 53, 2)
(131, 71, 7)
(85, 41, 1)
(73, 35, 4)
(76, 31, 15)
(85, 14, 19)
(122, 13, 4)
(229, 49, 13)
(40, 69, 14)
(55, 76, 3)
(69, 86, 10)
(65, 77, 15)
(37, 44, 6)
(34, 27, 9)
(22, 7, 2)
(119, 92, 16)
(82, 64, 18)
(25, 54, 9)
(230, 38, 6)
(185, 31, 3)
(148, 18, 2)
(127, 16, 2)
(115, 5, 0)
(102, 6, 5)
(76, 5, 2)
(56, 7, 1)
(30, 4, 10)
(22, 6, 16)
(29, 1, 6)
(36, 4, 3)
(72, 2, 3)
(93, 5, 3)
(118, 4, 5)
(141, 4, 0)
(173, 12, 4)
(190, 17, 12)
(207, 15, 8)
(226, 27, 10)
(3, 38, 6)
(10, 39, 4)
(44, 55, 9)
(63, 58, 3)
(73, 67, 4)
(110, 76, 4)
(146, 99, 8)
(183, 121, 12)
(207, 129, 10)
(232, 126, 6)
(241, 142, 7)
(243, 167, 7)
(236, 160, 1)
(250, 161, 6)
(250, 159, 4)
(248, 172, 12)
(241, 165, 5)
(244, 160, 8)
(243, 147, 7)
(246, 141, 13)
(236, 132, 6)
(247, 167, 11)
(246, 180, 5)
(234, 169, 0)
(243, 163, 5)
(238, 156, 1)
(248, 167, 9)
(249, 158, 3)
(246, 155, 1)
(245, 150, 7)
(240, 168, 4)
(248, 195, 12)
(213, 228, 13)
(244, 70, 178)
(251, 193, 44)
(218, 122, 183)
(210, 116, 239)
(216, 75, 242)
(188, 69, 40)
(145, 99, 203)
(111, 105, 252)
(6, 52, 238)
(46, 132, 197)
(234, 47, 4)
(253, 4, 11)
(0, 5, 5)
(1, 2, 10)
(244, 0, 3)
(216, 1, 0)
(199, 2, 7)
(185, 3, 7)
(172, 5, 5)
(173, 3, 8)
(174, 4, 9)
(161, 1, 4)
(160, 0, 3)
(153, 1, 5)
(150, 0, 2)
(153, 0, 5)
(148, 4, 12)
(138, 0, 6)
(125, 3, 4)
(108, 2, 9)
(95, 3, 14)
(87, 3, 4)
(132, 5, 1)
(18, 40, 16)
(189, 60, 20)
(76, 105, 18)
(142, 136, 5)
(151, 133, 6)
(139, 127, 5)
(112, 113, 8)
(87, 104, 6)
(73, 90, 3)
(168, 129, 6)
(238, 159, 8)
(238, 172, 0)
(243, 182, 7)
(247, 181, 3)
(246, 180, 5)
(243, 167, 7)
(237, 161, 2)
(245, 169, 4)
(243, 177, 2)
(249, 208, 8)
(246, 225, 10)
(250, 245, 10)
(250, 254, 10)
(239, 26, 11)
(248, 63, 48)
(244, 82, 97)
(242, 77, 78)
(233, 21, 11)
(242, 216, 0)
(243, 191, 6)
(244, 186, 2)
(246, 187, 6)
(243, 167, 6)
(240, 203, 8)
(241, 135, 143)
(240, 6, 55)
(241, 107, 169)
(241, 215, 253)
(241, 7, 18)
(247, 13, 24)
(244, 10, 21)
(246, 12, 23)
(240, 6, 17)
(237, 3, 14)
(243, 9, 20)
(246, 12, 23)
(240, 6, 17)
(247, 14, 23)
(247, 14, 23)
(241, 8, 17)
(243, 14, 15)


(183, 145, 30)
(251, 127, 232)
(251, 130, 221)
(251, 128, 219)
(249, 131, 222)
(244, 136, 222)
(251, 129, 220)
(251, 129, 216)
(251, 128, 220)
(249, 126, 222)
(251, 128, 224)
(248, 135, 231)
(243, 130, 226)
(251, 140, 236)
(248, 146, 237)
(243, 150, 251)
(248, 155, 0)
(241, 148, 249)
(248, 155, 0)
(246, 154, 255)
(249, 156, 1)
(245, 162, 12)
(251, 168, 8)
(245, 162, 12)
(249, 161, 26)
(250, 172, 32)
(247, 169, 29)
(249, 174, 44)
(251, 173, 43)
(248, 170, 40)
(247, 155, 32)
(246, 154, 31)
(235, 147, 27)
(243, 145, 25)
(251, 127, 248)
(250, 92, 203)
(243, 72, 168)
(249, 21, 90)
(242, 156, 155)
(178, 12, 10)
(236, 189, 20)
(94, 157, 3)
(142, 176, 14)
(66, 133, 20)
(97, 41, 110)
(132, 189, 51)
(154, 153, 106)
(195, 33, 48)
(138, 229, 242)
(61, 181, 202)
(222, 229, 162)
(245, 216, 56)
(151, 74, 91)
(239, 228, 138)
(244, 221, 114)
(188, 139, 206)
(247, 227, 132)
(251, 229, 37)
(86, 229, 88)
(117, 48, 36)
(168, 134, 47)
(232, 127, 246)
(100, 59, 74)
(108, 75, 127)
(167, 59, 149)
(177, 141, 135)
(237, 235, 83)
(218, 199, 35)
(246, 190, 15)
(239, 157, 236)
(231, 125, 198)
(238, 97, 181)
(248, 77, 145)
(234, 57, 115)
(246, 32, 89)
(222, 3, 47)
(95, 169, 4)
(163, 121, 2)
(235, 232, 92)
(161, 96, 4)
(7, 100, 11)
(83, 92, 9)
(131, 110, 10)
(149, 98, 6)
(169, 98, 3)
(194, 113, 18)
(192, 105, 3)
(189, 100, 10)
(170, 90, 3)
(145, 94, 3)
(125, 86, 2)
(112, 76, 8)
(103, 68, 10)
(46, 60, 0)
(37, 48, 9)
(247, 40, 4)
(234, 27, 3)
(228, 21, 4)
(227, 24, 3)
(214, 12, 3)
(225, 31, 27)
(212, 20, 15)
(203, 7, 10)
(211, 19, 6)
(228, 26, 16)
(20, 29, 4)
(91, 50, 13)
(215, 116, 37)
(245, 132, 9)
(237, 145, 3)
(239, 161, 10)
(236, 165, 4)
(245, 172, 6)
(251, 160, 8)
(245, 149, 13)
(245, 149, 13)
(245, 149, 13)
(240, 144, 8)
(249, 147, 13)
(241, 145, 5)
(248, 152, 12)
(244, 148, 8)
(247, 150, 10)
(242, 142, 4)
(251, 152, 12)
(249, 149, 9)
(240, 161, 2)
(248, 160, 4)
(245, 155, 2)
(239, 148, 0)
(247, 152, 1)
(247, 151, 11)
(237, 141, 3)
(247, 165, 7)
(223, 152, 0)
(240, 195, 17)
(238, 191, 7)
(250, 187, 12)
(240, 176, 2)
(251, 198, 13)
(251, 199, 14)
(246, 190, 5)
(247, 192, 11)
(250, 194, 13)
(239, 173, 0)
(247, 171, 2)
(235, 159, 2)
(244, 148, 8)
(240, 147, 8)
(212, 200, 3)
(238, 81, 190)
(190, 6, 119)
(239, 114, 18)
(237, 112, 21)
(226, 114, 1)
(229, 192, 14)
(227, 150, 215)
(228, 57, 120)
(240, 136, 161)
(221, 99, 141)
(142, 34, 240)
(149, 31, 216)
(184, 78, 31)
(171, 39, 174)
(161, 15, 69)
(172, 28, 134)
(100, 248, 116)
(155, 154, 231)
(193, 32, 9)
(210, 90, 172)
(102, 98, 231)
(196, 163, 144)
(194, 166, 39)
(244, 44, 8)
(9, 40, 9)
(14, 40, 11)
(231, 29, 7)
(195, 23, 13)
(168, 14, 2)
(166, 16, 7)
(157, 17, 10)
(182, 33, 10)
(226, 41, 3)
(40, 61, 8)
(81, 86, 1)
(119, 115, 10)
(130, 130, 7)
(116, 128, 8)
(108, 126, 0)
(84, 107, 4)
(12, 100, 9)
(215, 73, 17)
(186, 45, 2)
(29, 73, 4)
(130, 115, 0)
(211, 139, 7)
(224, 161, 1)
(244, 177, 5)
(245, 179, 6)
(245, 169, 1)
(241, 165, 5)
(239, 163, 3)
(241, 165, 0)
(251, 175, 5)
(245, 169, 2)
(238, 172, 0)
(244, 168, 0)
(243, 167, 0)
(244, 168, 0)
(241, 165, 0)
(240, 178, 3)
(251, 195, 10)
(246, 201, 13)
(232, 211, 6)
(244, 246, 1)
(249, 43, 9)
(244, 66, 8)
(248, 58, 4)
(249, 3, 9)
(236, 200, 0)
(248, 184, 5)
(245, 175, 12)
(242, 166, 0)
(241, 173, 4)
(241, 230, 8)
(233, 119, 127)
(245, 241, 32)
(249, 79, 132)
(235, 170, 211)
(246, 0, 13)
(244, 14, 23)
(244, 10, 21)
(241, 7, 18)
(244, 10, 21)
(244, 10, 21)
(238, 4, 15)
(240, 6, 17)
(242, 8, 19)
(243, 9, 20)


(181, 153, 8)
(251, 128, 224)
(246, 138, 214)
(241, 133, 219)
(246, 133, 229)
(244, 131, 227)
(246, 133, 229)
(251, 128, 224)
(251, 131, 227)
(251, 133, 229)
(246, 133, 229)
(244, 141, 242)
(245, 142, 243)
(250, 147, 248)
(243, 140, 241)
(251, 148, 249)
(248, 140, 0)
(243, 144, 1)
(243, 144, 1)
(246, 138, 254)
(243, 131, 237)
(248, 117, 228)
(237, 88, 196)
(248, 78, 176)
(246, 55, 124)
(245, 5, 48)
(244, 254, 39)
(247, 39, 97)
(238, 93, 127)
(244, 130, 146)
(234, 166, 154)
(241, 186, 127)
(242, 198, 94)
(244, 207, 21)
(243, 3, 11)
(246, 45, 35)
(241, 64, 47)
(232, 73, 69)
(249, 26, 239)
(243, 225, 198)
(246, 68, 93)
(177, 31, 167)
(34, 10, 5)
(192, 183, 0)
(42, 148, 10)
(72, 141, 8)
(83, 68, 26)
(125, 254, 99)
(133, 194, 72)
(203, 204, 180)
(174, 17, 6)
(130, 193, 168)
(116, 202, 184)
(249, 197, 115)
(227, 13, 244)
(251, 222, 220)
(251, 227, 155)
(240, 233, 93)
(197, 212, 12)
(58, 111, 113)
(158, 37, 133)
(136, 187, 102)
(198, 37, 59)
(74, 207, 251)
(207, 22, 0)
(128, 238, 0)
(128, 133, 16)
(55, 87, 30)
(62, 203, 174)
(191, 154, 199)
(202, 58, 192)
(225, 34, 153)
(248, 15, 149)
(241, 238, 100)
(237, 189, 47)
(242, 150, 9)
(249, 91, 180)
(130, 220, 31)
(75, 179, 9)
(207, 187, 41)
(250, 115, 8)
(251, 100, 236)
(87, 154, 39)
(52, 52, 5)
(112, 77, 13)
(161, 119, 13)
(185, 111, 7)
(194, 108, 4)
(201, 106, 4)
(227, 118, 9)
(240, 114, 1)
(248, 132, 13)
(247, 128, 9)
(237, 131, 9)
(236, 130, 5)
(250, 133, 10)
(234, 112, 3)
(147, 88, 3)
(103, 67, 7)
(93, 56, 4)
(74, 34, 0)
(82, 27, 2)
(118, 52, 6)
(153, 68, 11)
(136, 37, 4)
(157, 61, 11)
(160, 65, 6)
(136, 49, 4)
(158, 72, 17)
(153, 67, 12)
(152, 56, 16)
(148, 40, 7)
(153, 42, 7)
(164, 53, 18)
(176, 59, 17)
(194, 70, 6)
(204, 78, 1)
(215, 84, 5)
(232, 91, 10)
(234, 98, 0)
(246, 110, 10)
(242, 110, 14)
(247, 116, 20)
(246, 105, 20)
(241, 106, 7)
(239, 102, 5)
(245, 107, 13)
(241, 105, 3)
(234, 90, 3)
(250, 107, 19)
(233, 86, 2)
(245, 98, 13)
(230, 82, 2)
(235, 99, 1)
(238, 111, 7)
(232, 116, 14)
(227, 131, 25)
(194, 160, 36)
(164, 166, 38)
(198, 235, 63)
(186, 40, 111)
(53, 54, 88)
(98, 52, 46)
(168, 48, 3)
(32, 102, 30)
(2, 127, 63)
(39, 182, 0)
(171, 111, 81)
(199, 207, 71)
(144, 189, 26)
(121, 174, 34)
(89, 154, 16)
(164, 232, 14)
(194, 24, 40)
(220, 10, 44)
(16, 224, 71)
(98, 158, 66)
(164, 29, 252)
(245, 158, 247)
(155, 178, 147)
(198, 164, 116)
(240, 65, 3)
(236, 114, 113)
(194, 134, 76)
(236, 166, 127)
(189, 191, 102)
(185, 154, 77)
(117, 22, 1)
(127, 189, 37)
(158, 198, 44)
(99, 87, 3)
(155, 132, 24)
(206, 47, 183)
(196, 206, 54)
(213, 207, 161)
(163, 203, 166)
(151, 116, 182)
(93, 49, 5)
(109, 1, 6)
(94, 2, 2)
(78, 9, 2)
(57, 2, 1)
(51, 9, 4)
(64, 12, 12)
(94, 16, 17)
(132, 22, 13)
(168, 29, 10)
(190, 35, 8)
(124, 14, 7)
(226, 13, 0)
(122, 18, 6)
(117, 23, 1)
(3, 22, 0)
(2, 68, 7)
(195, 135, 3)
(245, 182, 5)
(236, 209, 10)
(242, 237, 5)
(251, 249, 8)
(235, 202, 2)
(242, 166, 5)
(246, 170, 1)
(241, 175, 0)
(251, 175, 5)
(241, 165, 0)
(240, 164, 4)
(251, 190, 15)
(232, 186, 1)
(246, 205, 5)
(250, 205, 20)
(251, 190, 6)
(238, 189, 6)
(232, 166, 0)
(249, 150, 1)
(245, 171, 1)
(246, 192, 7)
(246, 223, 8)
(233, 212, 0)
(250, 229, 14)
(240, 224, 0)
(238, 202, 12)
(246, 190, 5)
(241, 175, 0)
(243, 167, 7)
(236, 170, 1)
(240, 211, 2)
(221, 42, 39)
(245, 190, 211)
(249, 17, 98)
(242, 82, 162)
(241, 160, 225)
(246, 239, 14)
(241, 17, 23)
(248, 15, 26)
(248, 15, 26)
(243, 9, 20)
(240, 6, 17)
(248, 15, 26)
(251, 17, 28)


(176, 163, 13)
(251, 129, 225)
(241, 128, 224)
(238, 125, 221)
(241, 128, 224)
(251, 138, 234)
(251, 138, 234)
(251, 138, 234)
(251, 138, 244)
(251, 138, 244)
(251, 140, 246)
(247, 129, 228)
(249, 130, 239)
(249, 130, 245)
(251, 128, 249)
(249, 116, 227)
(237, 104, 209)
(251, 79, 181)
(245, 55, 137)
(244, 18, 74)
(229, 213, 245)
(241, 151, 147)
(238, 95, 53)
(220, 62, 10)
(196, 77, 21)
(227, 195, 146)
(240, 78, 35)
(237, 240, 205)
(207, 66, 60)
(173, 111, 83)
(147, 153, 112)
(168, 164, 66)
(141, 89, 162)
(74, 204, 233)
(246, 156, 235)
(210, 210, 129)
(20, 62, 204)
(31, 1, 117)
(43, 237, 78)
(32, 216, 35)
(217, 151, 184)
(71, 58, 129)
(151, 213, 122)
(4, 8, 92)
(150, 84, 148)
(13, 254, 124)
(89, 104, 18)
(153, 140, 71)
(220, 165, 83)
(208, 113, 7)
(150, 49, 173)
(160, 45, 192)
(242, 14, 8)
(238, 87, 131)
(163, 237, 2)
(160, 7, 224)
(214, 250, 135)
(148, 192, 49)
(247, 200, 27)
(251, 154, 215)
(103, 28, 167)
(199, 172, 89)
(130, 102, 218)
(232, 229, 110)
(250, 191, 238)
(78, 188, 138)
(79, 23, 65)
(249, 175, 171)
(227, 199, 229)
(242, 147, 171)
(234, 40, 213)
(198, 49, 40)
(19, 57, 113)
(180, 65, 148)
(193, 79, 115)
(238, 82, 141)
(146, 236, 251)
(181, 50, 157)
(145, 164, 217)
(134, 146, 241)
(239, 196, 58)
(244, 238, 120)
(245, 245, 126)
(241, 249, 129)
(243, 5, 136)
(246, 253, 135)
(243, 233, 114)
(243, 212, 85)
(247, 196, 70)
(247, 175, 50)
(247, 155, 20)
(248, 94, 204)
(86, 129, 37)
(0, 23, 3)
(49, 55, 17)
(108, 74, 13)
(135, 84, 9)
(191, 89, 3)
(218, 90, 7)
(232, 103, 8)
(239, 112, 10)
(236, 105, 7)
(228, 97, 9)
(222, 101, 6)
(215, 94, 1)
(223, 92, 7)
(239, 122, 18)
(204, 112, 11)
(161, 99, 19)
(197, 105, 14)
(233, 146, 12)
(225, 144, 2)
(248, 212, 68)
(244, 208, 67)
(224, 194, 47)
(248, 10, 132)
(249, 21, 164)
(251, 124, 25)
(247, 128, 44)
(198, 93, 213)
(135, 243, 112)
(62, 144, 25)
(31, 54, 4)
(244, 20, 9)
(233, 11, 6)
(231, 9, 3)
(221, 7, 7)
(214, 6, 12)
(248, 18, 19)
(100, 55, 4)
(225, 118, 19)
(98, 27, 5)
(81, 28, 13)
(255, 1, 4)
(4, 22, 3)
(216, 100, 14)
(68, 158, 178)
(8, 105, 142)
(26, 69, 0)
(4, 51, 118)
(204, 224, 63)
(188, 243, 185)
(50, 224, 110)
(134, 252, 29)
(170, 10, 112)
(255, 218, 94)
(63, 185, 180)
(149, 83, 36)
(9, 238, 48)
(156, 145, 52)
(182, 26, 20)
(73, 5, 208)
(234, 239, 26)
(212, 235, 113)
(113, 175, 67)
(118, 63, 3)
(82, 246, 25)
(189, 6, 30)
(66, 9, 145)
(15, 240, 28)
(245, 222, 34)
(76, 251, 38)
(58, 152, 210)
(245, 212, 120)
(213, 106, 107)
(136, 22, 210)
(4, 225, 0)
(88, 250, 79)
(139, 72, 174)
(48, 202, 0)
(149, 195, 18)
(238, 17, 14)
(106, 244, 156)
(213, 175, 143)
(251, 211, 255)
(202, 211, 213)
(189, 203, 200)
(147, 43, 8)
(188, 54, 21)
(215, 53, 2)
(238, 68, 7)
(11, 120, 13)
(15, 165, 8)
(48, 234, 33)
(64, 31, 18)
(74, 60, 14)
(75, 99, 12)
(88, 128, 12)
(79, 187, 19)
(57, 232, 5)
(54, 5, 18)
(100, 252, 26)
(147, 200, 11)
(194, 118, 67)
(215, 219, 95)
(155, 0, 27)
(157, 118, 9)
(181, 117, 5)
(184, 122, 12)
(192, 130, 5)
(228, 147, 10)
(240, 164, 4)
(247, 181, 6)
(242, 183, 6)
(249, 189, 10)
(242, 182, 5)
(243, 176, 3)
(243, 187, 2)
(249, 193, 8)
(249, 191, 14)
(241, 180, 5)
(241, 200, 0)
(247, 216, 1)
(251, 222, 7)
(237, 216, 1)
(242, 199, 6)
(248, 215, 12)
(244, 226, 3)
(247, 226, 11)
(245, 208, 3)
(246, 209, 3)
(248, 35, 30)
(249, 194, 210)
(248, 24, 101)
(247, 99, 178)
(251, 159, 240)
(247, 238, 13)
(241, 22, 38)
(248, 15, 36)
(246, 23, 39)
(250, 26, 42)
(251, 27, 43)
(251, 27, 43)
(251, 27, 43)
(251, 27, 43)
(251, 27, 43)
(251, 27, 43)
(251, 27, 43)
(243, 19, 31)


(162, 168, 10)
(239, 142, 231)
(250, 147, 238)
(242, 139, 230)
(247, 144, 235)
(247, 144, 235)
(249, 148, 249)
(245, 142, 243)
(251, 149, 250)
(251, 148, 249)
(243, 140, 241)
(246, 133, 239)
(249, 116, 227)
(247, 89, 200)
(251, 73, 184)
(247, 51, 127)
(242, 0, 57)
(246, 187, 199)
(247, 114, 92)
(235, 108, 32)
(239, 175, 136)
(221, 66, 28)
(221, 228, 183)
(201, 59, 29)
(180, 78, 66)
(152, 149, 120)
(111, 134, 69)
(81, 85, 217)
(248, 179, 11)
(148, 29, 100)
(3, 137, 234)
(90, 205, 116)
(194, 74, 28)
(224, 153, 138)
(202, 179, 175)
(188, 47, 143)
(241, 179, 117)
(237, 194, 64)
(247, 116, 83)
(211, 179, 192)
(211, 164, 179)
(109, 207, 90)
(79, 193, 92)
(122, 166, 62)
(67, 15, 83)
(240, 130, 151)
(215, 66, 47)
(125, 211, 220)
(157, 231, 241)
(98, 142, 198)
(35, 13, 121)
(49, 69, 192)
(88, 127, 37)
(211, 211, 181)
(170, 82, 93)
(133, 202, 239)
(203, 143, 53)
(224, 230, 207)
(242, 219, 131)
(251, 214, 53)
(251, 171, 207)
(34, 87, 203)
(101, 229, 74)
(190, 133, 184)
(236, 106, 42)
(227, 223, 171)
(250, 213, 192)
(196, 35, 215)
(48, 159, 240)
(231, 169, 243)
(13, 107, 17)
(235, 215, 88)
(168, 166, 74)
(96, 37, 18)
(202, 115, 190)
(179, 59, 98)
(165, 82, 151)
(35, 251, 237)
(169, 120, 74)
(242, 108, 149)
(216, 129, 21)
(162, 58, 13)
(84, 231, 47)
(195, 3, 54)
(164, 99, 112)
(145, 230, 246)
(206, 203, 114)
(194, 250, 16)
(181, 195, 29)
(87, 140, 30)
(152, 106, 127)
(173, 149, 170)
(239, 186, 177)
(94, 238, 7)
(236, 37, 10)
(48, 211, 253)
(28, 132, 116)
(249, 161, 113)
(230, 78, 244)
(0, 139, 56)
(127, 89, 148)
(180, 123, 126)
(245, 63, 221)
(195, 238, 27)
(131, 31, 20)
(70, 157, 164)
(66, 128, 149)
(188, 101, 191)
(148, 205, 53)
(17, 45, 59)
(90, 116, 87)
(32, 119, 104)
(77, 32, 187)
(138, 96, 85)
(134, 231, 5)
(120, 15, 180)
(201, 120, 201)
(31, 145, 164)
(107, 116, 48)
(212, 246, 126)
(55, 93, 3)
(121, 93, 158)
(118, 100, 117)
(73, 35, 153)
(51, 214, 4)
(97, 86, 107)
(113, 142, 148)
(88, 115, 89)
(202, 127, 55)
(61, 48, 147)
(124, 85, 16)
(23, 156, 6)
(243, 1, 20)
(28, 177, 92)
(46, 98, 167)
(227, 220, 109)
(69, 184, 99)
(33, 112, 143)
(91, 1, 239)
(80, 73, 68)
(248, 168, 52)
(108, 200, 165)
(202, 153, 19)
(253, 174, 0)
(151, 197, 43)
(152, 251, 178)
(189, 127, 73)
(199, 129, 83)
(147, 133, 98)
(242, 235, 32)
(3, 222, 217)
(202, 50, 71)
(219, 90, 212)
(156, 176, 133)
(235, 228, 111)
(17, 190, 97)
(71, 0, 34)
(170, 63, 228)
(234, 59, 49)
(237, 221, 152)
(236, 240, 59)
(249, 118, 168)
(253, 144, 2)
(168, 68, 219)
(220, 124, 73)
(122, 91, 17)
(128, 28, 4)
(37, 144, 19)
(118, 238, 11)
(154, 44, 15)
(125, 92, 4)
(199, 211, 252)
(159, 233, 152)
(217, 217, 195)
(209, 205, 185)
(174, 27, 133)
(140, 48, 9)
(147, 4, 21)
(102, 2, 1)
(65, 6, 2)
(43, 3, 5)
(14, 2, 2)
(10, 5, 1)
(36, 1, 2)
(76, 4, 3)
(130, 11, 1)
(198, 27, 2)
(237, 36, 3)
(45, 64, 22)
(57, 70, 4)
(77, 88, 8)
(131, 98, 10)
(152, 103, 9)
(159, 121, 7)
(185, 127, 6)
(228, 132, 7)
(235, 160, 12)
(203, 4, 3)
(195, 136, 15)
(97, 165, 45)
(117, 119, 8)
(220, 162, 19)
(181, 57, 2)
(242, 223, 7)
(241, 221, 4)
(245, 214, 1)
(249, 208, 8)
(251, 187, 12)
(248, 192, 7)
(251, 196, 11)
(251, 191, 14)
(249, 194, 9)
(247, 206, 6)
(241, 196, 8)
(246, 192, 7)
(244, 181, 6)
(246, 206, 6)
(229, 38, 34)
(248, 190, 217)
(235, 36, 103)
(247, 107, 178)
(239, 164, 243)
(249, 3, 51)
(251, 22, 53)
(251, 22, 53)
(248, 19, 50)
(247, 28, 54)
(244, 26, 52)
(248, 29, 55)
(251, 26, 57)
(249, 20, 51)
(251, 22, 57)
(248, 22, 50)
(251, 27, 43)
(251, 27, 43)
(251, 27, 43)
(250, 26, 42)
(245, 21, 37)
(244, 20, 36)


(181, 155, 33)
(250, 148, 247)
(251, 153, 244)
(251, 151, 242)
(244, 141, 232)
(251, 149, 253)
(251, 150, 254)
(247, 145, 246)
(244, 142, 243)
(240, 147, 248)
(251, 143, 3)
(245, 133, 249)
(244, 125, 235)
(247, 121, 226)
(249, 119, 226)
(247, 103, 207)
(248, 104, 198)
(243, 86, 185)
(240, 78, 181)
(241, 86, 186)
(245, 100, 196)
(247, 112, 205)
(247, 118, 225)
(249, 133, 241)
(244, 144, 10)
(248, 158, 29)
(247, 169, 44)
(249, 191, 57)
(250, 194, 64)
(251, 198, 74)
(241, 193, 75)
(245, 197, 79)
(236, 185, 82)
(247, 195, 93)
(247, 193, 100)
(243, 206, 106)
(247, 188, 88)
(239, 126, 255)
(248, 111, 179)
(232, 135, 89)
(213, 220, 58)
(221, 39, 45)
(207, 47, 58)
(245, 255, 36)
(215, 142, 16)
(232, 124, 45)
(251, 55, 29)
(242, 123, 158)
(229, 98, 85)
(179, 22, 208)
(87, 162, 98)
(235, 10, 3)
(246, 217, 21)
(69, 9, 26)
(72, 88, 16)
(175, 140, 31)
(233, 230, 224)
(235, 80, 102)
(145, 156, 163)
(81, 149, 99)
(177, 17, 56)
(117, 120, 78)
(28, 161, 224)
(114, 41, 98)
(108, 56, 188)
(242, 230, 144)
(244, 174, 248)
(173, 34, 152)
(111, 38, 97)
(178, 228, 116)
(250, 147, 118)
(26, 160, 68)
(61, 30, 97)
(34, 46, 114)
(167, 94, 173)
(210, 229, 173)
(110, 74, 95)
(245, 190, 146)
(241, 197, 128)
(63, 39, 166)
(46, 41, 166)
(27, 155, 171)
(245, 212, 147)
(236, 171, 100)
(111, 142, 191)
(243, 153, 111)
(188, 123, 156)
(30, 199, 174)
(43, 187, 202)
(118, 209, 48)
(88, 56, 24)
(72, 216, 97)
(168, 24, 147)
(232, 120, 199)
(150, 246, 26)
(216, 255, 16)
(186, 196, 17)
(181, 47, 94)
(98, 43, 16)
(135, 111, 105)
(155, 18, 51)
(70, 144, 235)
(19, 190, 12)
(170, 178, 1)
(68, 221, 9)
(250, 160, 138)
(115, 198, 219)
(178, 184, 171)
(75, 124, 34)
(216, 135, 119)
(63, 209, 240)
(181, 43, 59)
(91, 153, 224)
(118, 94, 91)
(9, 125, 14)
(19, 250, 12)
(137, 253, 80)
(140, 154, 186)
(195, 41, 58)
(76, 129, 7)
(252, 148, 10)
(71, 26, 25)
(65, 203, 109)
(36, 116, 227)
(197, 56, 54)
(82, 165, 27)
(172, 58, 56)
(54, 168, 81)
(203, 109, 171)
(106, 49, 41)
(178, 148, 131)
(236, 192, 37)
(126, 228, 134)
(180, 82, 114)
(79, 96, 88)
(213, 208, 167)
(181, 153, 126)
(176, 11, 35)
(226, 248, 250)
(119, 18, 14)
(233, 239, 0)
(202, 60, 79)
(140, 111, 82)
(248, 215, 185)
(227, 169, 159)
(222, 16, 235)
(210, 112, 231)
(155, 129, 44)
(231, 124, 146)
(113, 29, 25)
(176, 237, 4)
(242, 220, 215)
(166, 98, 6)
(91, 146, 23)
(131, 13, 214)
(218, 178, 167)
(156, 171, 207)
(154, 250, 20)
(104, 182, 6)
(34, 11, 18)
(10, 127, 11)
(59, 76, 58)
(93, 123, 56)
(233, 52, 24)
(242, 66, 119)
(100, 15, 9)
(139, 93, 169)
(187, 76, 180)
(181, 214, 214)
(223, 187, 228)
(246, 216, 80)
(217, 182, 81)
(246, 113, 246)
(229, 13, 122)
(51, 146, 44)
(31, 50, 6)
(15, 24, 3)
(224, 15, 11)
(205, 11, 7)
(191, 16, 6)
(185, 19, 7)
(210, 35, 19)
(219, 32, 3)
(250, 38, 0)
(29, 65, 3)
(63, 74, 3)
(95, 90, 12)
(122, 89, 1)
(172, 116, 11)
(180, 114, 2)
(222, 139, 15)
(238, 138, 4)
(245, 145, 5)
(249, 158, 3)
(241, 165, 3)
(242, 166, 7)
(246, 170, 10)
(241, 175, 0)
(244, 190, 5)
(250, 196, 11)
(245, 204, 4)
(238, 243, 6)
(223, 110, 0)
(244, 147, 36)
(242, 199, 44)
(208, 90, 10)
(248, 192, 7)
(246, 196, 11)
(247, 204, 5)
(243, 199, 0)
(251, 197, 4)
(246, 180, 8)
(244, 178, 1)
(248, 217, 8)
(234, 57, 53)
(248, 217, 13)
(247, 50, 119)
(251, 119, 215)
(241, 195, 11)
(242, 7, 51)
(251, 23, 64)
(248, 20, 61)
(249, 31, 67)
(250, 32, 68)
(251, 33, 69)
(251, 32, 68)
(251, 32, 68)
(251, 35, 71)
(250, 33, 69)
(247, 19, 50)
(248, 21, 52)
(251, 25, 56)
(251, 22, 53)
(251, 22, 53)
(251, 27, 58)
(243, 19, 35)
(247, 23, 39)
(241, 17, 33)
(245, 21, 37)


(174, 156, 36)
(250, 135, 233)
(248, 141, 234)
(251, 148, 245)
(251, 151, 248)
(249, 153, 254)
(241, 148, 249)
(238, 145, 246)
(248, 155, 0)
(239, 156, 6)
(247, 165, 15)
(240, 153, 5)
(247, 160, 12)
(244, 157, 9)
(245, 152, 11)
(245, 153, 24)
(241, 153, 18)
(251, 176, 46)
(243, 183, 48)
(250, 191, 56)
(249, 191, 56)
(244, 186, 51)
(248, 180, 53)
(250, 167, 43)
(249, 163, 39)
(246, 167, 43)
(245, 178, 55)
(235, 189, 63)
(248, 198, 78)
(235, 187, 71)
(244, 183, 72)
(249, 182, 83)
(248, 205, 105)
(249, 203, 103)
(246, 208, 108)
(250, 213, 118)
(248, 201, 108)
(246, 203, 108)
(250, 210, 119)
(251, 214, 129)
(239, 201, 116)
(247, 201, 131)
(246, 202, 130)
(248, 209, 142)
(245, 207, 138)
(249, 212, 147)
(245, 213, 148)
(243, 216, 149)
(247, 212, 140)
(243, 165, 95)
(238, 140, 64)
(244, 118, 16)
(243, 66, 218)
(236, 14, 135)
(250, 203, 50)
(179, 25, 92)
(221, 148, 0)
(149, 137, 0)
(115, 130, 13)
(227, 210, 22)
(119, 148, 178)
(127, 220, 174)
(122, 165, 61)
(104, 225, 175)
(172, 114, 136)
(116, 207, 18)
(131, 29, 108)
(244, 228, 189)
(236, 216, 164)
(108, 254, 137)
(193, 99, 191)
(253, 203, 41)
(112, 78, 182)
(140, 59, 0)
(92, 55, 15)
(240, 42, 213)
(205, 20, 11)
(65, 11, 166)
(208, 85, 90)
(255, 203, 145)
(70, 107, 123)
(229, 4, 69)
(182, 180, 216)
(225, 248, 25)
(219, 200, 12)
(148, 189, 60)
(231, 171, 226)
(118, 186, 194)
(97, 34, 23)
(18, 248, 80)
(28, 72, 137)
(23, 150, 74)
(81, 195, 84)
(236, 180, 32)
(120, 8, 67)
(223, 167, 53)
(25, 101, 156)
(74, 99, 143)
(221, 184, 229)
(52, 186, 188)
(138, 126, 130)
(29, 11, 17)
(162, 121, 172)
(81, 131, 175)
(127, 216, 76)
(240, 221, 84)
(56, 240, 221)
(188, 194, 12)
(112, 248, 95)
(220, 229, 39)
(122, 150, 241)
(243, 240, 41)
(137, 216, 95)
(151, 172, 148)
(5, 184, 10)
(87, 21, 8)
(114, 248, 36)
(157, 153, 145)
(94, 249, 89)
(83, 225, 108)
(73, 109, 22)
(222, 248, 0)
(201, 66, 158)
(193, 156, 203)
(5, 23, 23)
(127, 119, 170)
(255, 60, 104)
(244, 241, 229)
(104, 252, 0)
(78, 247, 72)
(22, 210, 8)
(216, 166, 72)
(228, 202, 192)
(213, 34, 156)
(197, 185, 10)
(249, 243, 36)
(7, 20, 201)
(218, 218, 108)
(4, 177, 246)
(185, 140, 111)
(137, 91, 99)
(75, 87, 175)
(101, 86, 7)
(240, 188, 197)
(235, 192, 33)
(37, 47, 21)
(175, 240, 18)
(102, 149, 28)
(142, 174, 7)
(232, 56, 123)
(69, 93, 79)
(152, 203, 219)
(156, 54, 122)
(153, 135, 53)
(135, 214, 175)
(117, 15, 93)
(95, 176, 6)
(68, 143, 86)
(179, 31, 9)
(207, 41, 34)
(203, 32, 42)
(108, 101, 156)
(243, 164, 32)
(19, 80, 10)
(39, 74, 18)
(39, 41, 5)
(162, 105, 21)
(240, 136, 12)
(239, 133, 14)
(248, 122, 2)
(247, 126, 7)
(240, 117, 1)
(243, 118, 7)
(229, 180, 9)
(236, 38, 86)
(247, 166, 11)
(247, 4, 133)
(250, 5, 112)
(198, 147, 8)
(236, 137, 21)
(250, 129, 6)
(243, 142, 3)
(243, 157, 5)
(246, 161, 3)
(248, 173, 5)
(240, 164, 0)
(239, 167, 0)
(246, 180, 3)
(248, 182, 5)
(243, 191, 6)
(247, 191, 10)
(244, 174, 5)
(250, 188, 13)
(248, 178, 6)
(246, 186, 5)
(249, 198, 7)
(246, 195, 8)
(245, 175, 6)
(245, 168, 3)
(250, 164, 8)
(241, 153, 2)
(246, 155, 1)
(238, 162, 0)
(238, 182, 0)
(246, 197, 6)
(249, 193, 8)
(249, 211, 18)
(240, 201, 5)
(244, 186, 5)
(241, 206, 0)
(238, 251, 10)
(241, 48, 48)
(249, 127, 122)
(250, 205, 252)
(244, 17, 85)
(239, 61, 160)
(249, 107, 217)
(239, 161, 4)
(247, 225, 32)
(236, 7, 48)
(248, 19, 60)
(251, 22, 63)
(251, 22, 63)
(245, 26, 62)
(248, 30, 66)
(250, 35, 71)
(251, 32, 68)
(251, 32, 68)
(247, 29, 65)
(250, 21, 62)
(251, 22, 53)
(248, 19, 50)
(248, 26, 57)
(244, 15, 46)
(251, 17, 48)
(251, 17, 48)
(251, 17, 48)
(246, 12, 37)
(246, 14, 35)


(162, 149, 39)
(243, 130, 236)
(246, 133, 229)
(251, 139, 245)
(245, 132, 238)
(249, 140, 244)
(246, 137, 241)
(243, 130, 236)
(249, 116, 217)
(235, 89, 196)
(241, 76, 183)
(243, 63, 145)
(235, 51, 130)
(243, 12, 66)
(238, 237, 19)
(246, 224, 242)
(245, 216, 221)
(229, 229, 207)
(242, 105, 243)
(247, 212, 42)
(238, 23, 32)
(238, 48, 18)
(200, 52, 218)
(183, 60, 219)
(140, 46, 191)
(105, 247, 131)
(85, 184, 69)
(18, 82, 32)
(9, 109, 98)
(10, 220, 40)
(60, 106, 247)
(119, 156, 77)
(157, 175, 72)
(175, 156, 2)
(137, 97, 198)
(105, 84, 221)
(83, 105, 42)
(67, 125, 86)
(88, 124, 116)
(228, 70, 158)
(237, 240, 124)
(247, 232, 138)
(250, 235, 135)
(251, 222, 157)
(248, 216, 151)
(249, 221, 156)
(248, 220, 155)
(245, 215, 150)
(249, 211, 146)
(249, 210, 146)
(241, 211, 146)
(250, 204, 144)
(250, 197, 142)
(245, 204, 148)
(241, 177, 129)
(237, 153, 95)
(242, 138, 64)
(244, 101, 3)
(242, 21, 158)
(245, 178, 30)
(243, 103, 185)
(139, 242, 47)
(222, 171, 7)
(134, 125, 7)
(55, 105, 10)
(87, 104, 7)
(83, 124, 26)
(7, 95, 15)
(1, 96, 11)
(8, 145, 15)
(123, 54, 152)
(98, 44, 141)
(115, 212, 31)
(15, 212, 130)
(107, 5, 204)
(128, 50, 44)
(168, 23, 113)
(255, 135, 155)
(249, 159, 251)
(243, 228, 174)
(160, 172, 196)
(107, 198, 179)
(225, 127, 207)
(211, 170, 50)
(0, 164, 21)
(250, 209, 119)
(209, 125, 22)
(18, 178, 111)
(244, 182, 31)
(89, 92, 178)
(165, 117, 245)
(135, 167, 74)
(172, 241, 246)
(124, 42, 44)
(236, 162, 128)
(92, 51, 156)
(161, 149, 212)
(172, 135, 222)
(131, 1, 139)
(205, 202, 101)
(37, 4, 26)
(45, 236, 202)
(161, 112, 217)
(236, 190, 21)
(88, 213, 66)
(147, 31, 250)
(171, 122, 20)
(112, 141, 19)
(68, 6, 165)
(218, 189, 17)
(205, 172, 240)
(40, 34, 121)
(142, 199, 54)
(20, 41, 166)
(182, 236, 12)
(98, 95, 75)
(208, 153, 216)
(126, 44, 105)
(11, 142, 227)
(163, 167, 14)
(92, 251, 45)
(68, 229, 24)
(179, 24, 80)
(75, 5, 26)
(188, 117, 207)
(207, 14, 24)
(140, 37, 122)
(124, 157, 103)
(12, 229, 0)
(138, 196, 249)
(143, 62, 154)
(185, 208, 161)
(83, 192, 215)
(217, 106, 157)
(207, 101, 172)
(231, 227, 54)
(238, 184, 135)
(164, 58, 33)
(218, 197, 36)
(83, 181, 12)
(22, 155, 2)
(228, 232, 213)
(242, 215, 226)
(98, 247, 99)
(193, 238, 54)
(74, 240, 21)
(138, 94, 130)
(135, 34, 77)
(86, 72, 182)
(184, 250, 105)
(158, 231, 54)
(126, 204, 22)
(124, 203, 19)
(185, 6, 113)
(209, 41, 164)
(239, 136, 38)
(239, 199, 89)
(236, 0, 160)
(235, 40, 212)
(250, 74, 2)
(232, 63, 239)
(244, 59, 229)
(236, 42, 224)
(250, 71, 248)
(241, 79, 250)
(243, 60, 218)
(249, 0, 143)
(244, 120, 227)
(114, 182, 33)
(43, 84, 1)
(204, 2, 0)
(74, 57, 34)
(185, 97, 1)
(215, 116, 2)
(233, 127, 17)
(242, 147, 1)
(245, 170, 10)
(225, 179, 0)
(239, 234, 0)
(236, 59, 84)
(245, 97, 174)
(251, 64, 131)
(235, 194, 6)
(239, 173, 1)
(251, 162, 6)
(245, 157, 1)
(250, 152, 1)
(248, 157, 2)
(244, 162, 5)
(248, 165, 8)
(247, 156, 1)
(242, 166, 6)
(246, 170, 1)
(250, 186, 11)
(246, 186, 9)
(241, 192, 0)
(242, 247, 21)
(238, 88, 109)
(243, 200, 1)
(249, 23, 110)
(236, 75, 172)
(243, 115, 232)
(241, 156, 10)
(230, 186, 43)
(251, 231, 68)
(249, 251, 62)
(245, 9, 71)
(250, 13, 74)
(247, 12, 73)
(247, 16, 63)
(250, 11, 62)
(251, 14, 65)
(251, 12, 63)
(251, 12, 63)
(245, 6, 57)
(247, 8, 59)
(248, 9, 60)
(251, 12, 63)
(250, 11, 62)
(251, 12, 63)
(251, 12, 63)
(251, 12, 58)
(247, 12, 56)
(248, 13, 57)
(247, 12, 56)
(245, 11, 55)
(245, 16, 57)
(244, 15, 56)
(246, 17, 58)
(248, 9, 55)
(249, 10, 56)
(247, 13, 44)
(251, 19, 50)
(251, 17, 48)
(245, 11, 42)
(247, 13, 44)
(247, 13, 44)
(246, 12, 43)
(246, 3, 37)


(171, 163, 28)
(247, 129, 247)
(246, 133, 239)
(242, 129, 235)
(250, 138, 244)
(244, 130, 237)
(240, 124, 231)
(250, 124, 235)
(249, 116, 217)
(238, 90, 200)
(246, 72, 171)
(245, 57, 160)
(242, 44, 116)
(243, 10, 56)
(239, 215, 231)
(251, 154, 110)
(244, 78, 13)
(225, 28, 9)
(161, 10, 3)
(189, 40, 7)
(222, 149, 42)
(240, 228, 114)
(193, 64, 132)
(175, 138, 135)
(130, 156, 88)
(73, 164, 30)
(76, 174, 36)
(30, 159, 73)
(13, 174, 202)
(87, 138, 8)
(178, 7, 182)
(140, 200, 120)
(70, 84, 232)
(49, 53, 139)
(83, 70, 108)
(64, 86, 109)
(84, 124, 209)
(99, 147, 5)
(92, 130, 10)
(44, 66, 198)
(237, 206, 58)
(17, 183, 13)
(161, 67, 55)
(246, 145, 105)
(248, 146, 124)
(233, 104, 81)
(205, 192, 201)
(249, 194, 52)
(240, 132, 33)
(237, 62, 237)
(237, 208, 87)
(233, 115, 39)
(245, 91, 8)
(235, 96, 23)
(242, 120, 46)
(250, 111, 49)
(244, 87, 24)
(241, 91, 249)
(227, 106, 10)
(232, 142, 56)
(235, 136, 47)
(222, 53, 214)
(237, 17, 149)
(229, 86, 192)
(210, 0, 93)
(223, 16, 138)
(220, 247, 151)
(196, 110, 210)
(210, 142, 231)
(214, 125, 178)
(224, 203, 21)
(164, 245, 87)
(207, 151, 19)
(48, 253, 78)
(22, 221, 17)
(194, 232, 43)
(179, 77, 167)
(197, 129, 41)
(225, 93, 5)
(208, 83, 12)
(202, 79, 4)
(201, 71, 5)
(203, 64, 2)
(203, 62, 1)
(206, 64, 1)
(207, 59, 0)
(205, 59, 8)
(194, 60, 6)
(193, 55, 7)
(177, 44, 5)
(215, 15, 1)
(20, 16, 17)
(52, 19, 3)
(39, 20, 8)
(40, 11, 6)
(63, 5, 3)
(75, 18, 14)
(114, 20, 6)
(157, 13, 19)
(200, 3, 11)
(193, 21, 11)
(245, 34, 14)
(250, 68, 23)
(183, 96, 13)
(166, 107, 34)
(168, 45, 2)
(204, 24, 5)
(175, 24, 5)
(163, 41, 27)
(58, 88, 19)
(154, 188, 3)
(239, 130, 172)
(181, 71, 145)
(170, 181, 97)
(164, 11, 17)
(212, 4, 4)
(4, 10, 8)
(244, 10, 3)
(240, 9, 0)
(4, 6, 8)
(27, 3, 4)
(38, 2, 2)
(26, 2, 3)
(15, 5, 2)
(30, 15, 6)
(61, 27, 5)
(77, 12, 5)
(116, 27, 17)
(119, 29, 5)
(126, 31, 3)
(169, 51, 10)
(220, 79, 1)
(30, 99, 11)
(60, 118, 6)
(92, 131, 5)
(102, 133, 10)
(123, 143, 11)
(135, 140, 4)
(160, 141, 17)
(147, 115, 12)
(113, 86, 14)
(76, 54, 11)
(47, 17, 12)
(55, 14, 0)
(164, 98, 20)
(238, 143, 13)
(240, 139, 4)
(236, 132, 4)
(218, 105, 10)
(167, 80, 19)
(184, 103, 8)
(180, 97, 6)
(170, 77, 0)
(198, 109, 6)
(231, 152, 9)
(223, 191, 24)
(238, 224, 59)
(236, 15, 119)
(217, 61, 187)
(204, 144, 29)
(238, 14, 205)
(236, 168, 113)
(251, 225, 180)
(242, 234, 176)
(247, 209, 146)
(240, 192, 135)
(249, 219, 169)
(238, 225, 198)
(246, 252, 213)
(247, 212, 153)
(242, 82, 248)
(240, 168, 40)
(193, 245, 81)
(61, 101, 1)
(250, 17, 1)
(29, 34, 5)
(161, 92, 16)
(228, 122, 0)
(225, 121, 0)
(238, 145, 4)
(243, 171, 3)
(248, 198, 13)
(231, 192, 2)
(249, 233, 13)
(234, 15, 11)
(245, 96, 133)
(245, 232, 80)
(232, 101, 203)
(244, 186, 51)
(243, 198, 61)
(247, 214, 76)
(245, 235, 92)
(246, 249, 100)
(250, 18, 113)
(243, 31, 118)
(245, 35, 121)
(238, 26, 112)
(251, 25, 106)
(251, 22, 103)
(251, 22, 103)
(251, 22, 93)
(249, 15, 86)
(250, 18, 89)
(244, 0, 76)
(249, 5, 81)
(250, 14, 75)
(248, 9, 70)
(246, 7, 71)
(243, 4, 65)
(248, 9, 70)
(243, 4, 65)
(248, 9, 70)
(246, 7, 68)
(249, 255, 54)
(249, 254, 53)
(249, 252, 52)
(250, 253, 53)
(250, 252, 52)
(250, 252, 52)
(250, 249, 53)
(247, 241, 45)
(250, 244, 48)
(251, 5, 59)
(250, 12, 58)
(247, 8, 54)
(238, 255, 45)
(239, 0, 46)
(249, 11, 57)
(248, 9, 55)
(249, 10, 56)
(242, 3, 49)
(246, 255, 45)
(251, 3, 39)
(250, 249, 33)
(245, 244, 28)
(251, 249, 34)
(250, 247, 32)
(248, 246, 31)
(247, 245, 30)


(152, 141, 252)
(247, 129, 225)
(247, 121, 232)
(249, 121, 232)
(251, 124, 235)
(251, 128, 239)
(251, 128, 239)
(250, 125, 236)
(240, 97, 203)
(241, 78, 184)
(250, 67, 158)
(250, 49, 131)
(240, 12, 60)
(244, 210, 227)
(236, 138, 94)
(248, 68, 13)
(226, 19, 1)
(194, 255, 13)
(163, 10, 9)
(173, 89, 60)
(183, 255, 210)
(169, 162, 120)
(140, 20, 227)
(117, 56, 240)
(92, 66, 210)
(72, 67, 191)
(38, 253, 77)
(32, 204, 17)
(68, 237, 62)
(131, 52, 190)
(181, 141, 43)
(197, 188, 126)
(200, 220, 180)
(231, 115, 167)
(245, 227, 104)
(240, 232, 95)
(216, 32, 214)
(251, 101, 162)
(215, 232, 51)
(177, 199, 237)
(185, 77, 71)
(90, 26, 238)
(106, 30, 222)
(210, 109, 104)
(247, 93, 131)
(248, 21, 108)
(203, 235, 201)
(205, 34, 50)
(114, 191, 3)
(105, 202, 1)
(86, 226, 10)
(121, 175, 68)
(245, 249, 162)
(195, 43, 200)
(250, 204, 19)
(236, 229, 237)
(251, 172, 26)
(212, 224, 39)
(10, 179, 25)
(252, 155, 11)
(24, 194, 24)
(6, 230, 26)
(107, 215, 202)
(172, 53, 38)
(187, 116, 131)
(149, 249, 232)
(210, 176, 28)
(122, 70, 0)
(116, 225, 217)
(158, 176, 205)
(112, 125, 200)
(178, 109, 120)
(208, 225, 62)
(5, 137, 149)
(126, 71, 96)
(44, 186, 193)
(162, 87, 99)
(57, 46, 21)
(89, 115, 99)
(147, 127, 222)
(181, 167, 222)
(89, 228, 246)
(136, 44, 95)
(226, 70, 224)
(91, 114, 93)
(135, 92, 10)
(178, 151, 40)
(111, 146, 9)
(209, 205, 115)
(225, 48, 2)
(153, 54, 12)
(1, 51, 7)
(71, 38, 11)
(78, 49, 10)
(95, 55, 9)
(90, 47, 8)
(83, 40, 1)
(71, 35, 3)
(58, 34, 7)
(56, 22, 13)
(47, 6, 11)
(31, 5, 10)
(25, 1, 10)
(10, 8, 3)
(221, 12, 15)
(254, 9, 1)
(15, 13, 7)
(19, 0, 6)
(38, 1, 3)
(91, 12, 14)
(207, 7, 7)
(5, 3, 0)
(86, 6, 5)
(243, 56, 14)
(132, 115, 29)
(206, 144, 32)
(234, 147, 6)
(245, 172, 22)
(234, 186, 11)
(241, 187, 6)
(228, 202, 9)
(246, 202, 23)
(237, 187, 10)
(238, 172, 0)
(231, 153, 2)
(239, 123, 5)
(234, 126, 3)
(227, 140, 11)
(232, 126, 3)
(233, 135, 6)
(237, 145, 14)
(228, 181, 26)
(239, 195, 24)
(219, 179, 29)
(217, 196, 51)
(216, 229, 86)
(245, 18, 134)
(244, 31, 134)
(242, 8, 118)
(238, 18, 136)
(242, 50, 163)
(244, 45, 168)
(238, 29, 147)
(232, 47, 161)
(244, 33, 143)
(240, 254, 88)
(248, 234, 64)
(238, 214, 38)
(247, 218, 35)
(239, 222, 41)
(246, 246, 60)
(248, 1, 100)
(245, 16, 131)
(247, 254, 119)
(230, 233, 83)
(189, 174, 29)
(109, 95, 17)
(32, 46, 0)
(35, 13, 3)
(119, 55, 21)
(192, 101, 33)
(238, 126, 12)
(240, 131, 10)
(245, 145, 8)
(251, 160, 11)
(244, 170, 10)
(234, 172, 0)
(238, 177, 6)
(241, 186, 9)
(230, 187, 0)
(245, 216, 4)
(244, 231, 1)
(249, 250, 17)
(234, 27, 38)
(237, 34, 60)
(228, 31, 71)
(234, 51, 96)
(242, 92, 163)
(244, 138, 205)
(243, 128, 186)
(249, 93, 158)
(242, 35, 92)
(233, 230, 34)
(214, 177, 7)
(232, 158, 7)
(236, 165, 7)
(247, 186, 11)
(242, 182, 7)
(229, 181, 2)
(235, 197, 13)
(232, 245, 3)
(220, 91, 132)
(251, 40, 127)
(249, 180, 31)
(249, 16, 97)
(251, 21, 102)
(241, 7, 88)
(243, 3, 77)
(240, 0, 74)
(246, 2, 78)
(246, 251, 74)
(242, 254, 74)
(251, 250, 75)
(251, 253, 63)
(251, 253, 63)
(248, 250, 60)
(250, 248, 63)
(247, 239, 54)
(250, 242, 57)
(246, 238, 53)
(251, 243, 58)
(247, 240, 55)
(245, 237, 42)
(241, 233, 38)
(240, 232, 37)
(247, 239, 44)
(247, 239, 44)
(247, 239, 44)
(245, 237, 42)
(244, 237, 42)
(241, 233, 38)
(246, 238, 43)
(251, 249, 44)
(243, 240, 35)
(248, 245, 40)
(251, 248, 43)
(249, 247, 42)
(251, 248, 43)
(248, 245, 40)
(246, 243, 38)
(241, 238, 33)
(251, 243, 41)
(244, 232, 30)
(249, 231, 31)
(247, 230, 20)
(251, 233, 23)
(251, 233, 23)
(246, 228, 18)
(242, 224, 14)


(169, 136, 21)
(251, 112, 234)
(250, 127, 223)
(251, 125, 236)
(245, 117, 228)
(251, 123, 234)
(251, 123, 234)
(251, 123, 234)
(243, 115, 226)
(240, 112, 223)
(243, 110, 221)
(246, 100, 207)
(249, 91, 195)
(243, 70, 166)
(244, 52, 121)
(246, 11, 62)
(244, 242, 7)
(245, 234, 253)
(239, 17, 52)
(250, 63, 110)
(241, 89, 149)
(242, 135, 224)
(236, 191, 13)
(239, 215, 30)
(231, 217, 40)
(229, 193, 28)
(231, 177, 29)
(241, 155, 35)
(242, 154, 34)
(251, 163, 58)
(251, 170, 60)
(244, 146, 41)
(250, 120, 13)
(236, 72, 183)
(248, 39, 122)
(236, 249, 69)
(246, 228, 33)
(241, 205, 247)
(244, 97, 79)
(169, 238, 10)
(240, 221, 238)
(242, 209, 216)
(235, 115, 208)
(223, 255, 84)
(172, 113, 102)
(164, 215, 86)
(178, 150, 81)
(52, 91, 5)
(197, 22, 22)
(66, 181, 80)
(43, 124, 48)
(252, 70, 16)
(106, 238, 160)
(113, 25, 211)
(201, 86, 23)
(194, 73, 67)
(153, 134, 160)
(246, 199, 207)
(227, 215, 195)
(244, 212, 23)
(114, 165, 167)
(216, 203, 4)
(237, 170, 246)
(242, 109, 172)
(154, 7, 43)
(157, 119, 6)
(93, 97, 5)
(73, 93, 26)
(8, 75, 12)
(252, 76, 12)
(224, 117, 9)
(67, 226, 46)
(153, 189, 192)
(132, 215, 150)
(161, 230, 36)
(7, 151, 8)
(240, 136, 0)
(245, 164, 3)
(249, 75, 199)
(20, 50, 89)
(139, 240, 15)
(140, 18, 13)
(53, 194, 39)
(173, 195, 126)
(200, 75, 129)
(158, 242, 92)
(213, 133, 23)
(182, 255, 161)
(155, 252, 72)
(205, 4, 3)
(200, 154, 194)
(3, 138, 144)
(162, 143, 187)
(94, 115, 219)
(98, 46, 138)
(59, 5, 6)
(78, 6, 6)
(116, 1, 1)
(150, 1, 0)
(182, 1, 1)
(180, 9, 2)
(138, 2, 12)
(20, 8, 2)
(108, 1, 0)
(225, 20, 17)
(174, 33, 9)
(119, 44, 26)
(87, 56, 33)
(102, 45, 12)
(119, 32, 23)
(55, 12, 3)
(15, 5, 5)
(170, 6, 11)
(15, 4, 9)
(39, 2, 1)
(177, 1, 10)
(234, 5, 9)
(55, 4, 3)
(82, 2, 11)
(105, 5, 6)
(134, 4, 0)
(154, 7, 10)
(215, 10, 2)
(233, 22, 3)
(5, 37, 9)
(26, 45, 15)
(17, 37, 7)
(19, 42, 10)
(65, 85, 24)
(74, 222, 149)
(171, 130, 43)
(192, 158, 25)
(199, 163, 46)
(196, 156, 52)
(201, 149, 53)
(145, 116, 33)
(76, 68, 18)
(18, 29, 4)
(11, 17, 2)
(239, 8, 0)
(206, 16, 2)
(250, 28, 12)
(116, 54, 16)
(160, 86, 10)
(202, 123, 17)
(229, 151, 16)
(230, 154, 9)
(243, 166, 9)
(245, 155, 25)
(237, 166, 6)
(231, 166, 5)
(230, 165, 12)
(228, 155, 3)
(239, 139, 11)
(243, 150, 9)
(239, 161, 2)
(249, 156, 10)
(238, 136, 5)
(240, 153, 10)
(245, 183, 6)
(232, 180, 10)
(238, 172, 1)
(231, 171, 2)
(242, 203, 21)
(229, 234, 63)
(198, 0, 105)
(211, 11, 84)
(243, 171, 1)
(233, 196, 52)
(220, 210, 26)
(239, 219, 51)
(238, 223, 43)
(243, 226, 51)
(238, 214, 11)
(241, 133, 187)
(220, 253, 80)
(225, 143, 8)
(228, 147, 1)
(246, 150, 12)
(242, 160, 2)
(250, 174, 4)
(244, 178, 3)
(234, 174, 1)
(241, 175, 0)
(242, 176, 1)
(246, 178, 4)
(249, 184, 9)
(244, 183, 8)
(243, 177, 2)
(245, 171, 0)
(238, 168, 0)
(240, 177, 2)
(244, 168, 0)
(246, 181, 6)
(246, 185, 16)
(233, 183, 1)
(229, 201, 3)
(239, 49, 70)
(239, 178, 214)
(236, 52, 101)
(247, 144, 230)
(250, 213, 29)
(245, 226, 34)
(246, 219, 29)
(248, 221, 31)
(250, 224, 34)
(248, 222, 31)
(250, 227, 36)
(251, 233, 38)
(246, 228, 33)
(251, 225, 35)
(251, 228, 38)
(251, 228, 38)
(249, 231, 36)
(249, 232, 37)
(251, 233, 38)
(250, 232, 37)
(251, 233, 38)
(251, 233, 38)
(251, 228, 48)
(251, 233, 38)
(251, 233, 33)
(247, 229, 29)
(251, 233, 33)
(251, 236, 36)
(248, 230, 30)
(246, 218, 23)
(250, 222, 27)
(245, 217, 22)
(251, 223, 28)
(251, 223, 28)
(251, 223, 28)
(250, 229, 19)
(250, 227, 17)
(248, 227, 17)
(251, 224, 19)
(248, 216, 11)
(250, 217, 12)
(245, 212, 7)


(168, 127, 248)
(251, 104, 215)
(245, 112, 213)
(250, 117, 218)
(251, 118, 219)
(248, 115, 226)
(251, 123, 234)
(251, 123, 234)
(240, 127, 243)
(248, 135, 251)
(244, 136, 252)
(251, 143, 3)
(251, 143, 3)
(241, 133, 249)
(251, 143, 3)
(250, 142, 12)
(247, 154, 19)
(239, 146, 11)
(247, 152, 23)
(247, 152, 23)
(247, 152, 23)
(241, 143, 23)
(251, 156, 36)
(243, 155, 30)
(249, 161, 36)
(245, 162, 42)
(243, 155, 35)
(236, 124, 6)
(243, 91, 218)
(250, 52, 162)
(238, 11, 89)
(239, 219, 4)
(238, 193, 220)
(251, 142, 137)
(235, 69, 9)
(247, 188, 171)
(236, 168, 171)
(205, 96, 145)
(227, 222, 58)
(106, 107, 89)
(155, 163, 13)
(195, 104, 111)
(165, 140, 150)
(243, 106, 11)
(220, 102, 3)
(32, 193, 20)
(58, 242, 17)
(62, 56, 15)
(201, 67, 189)
(104, 101, 42)
(251, 229, 59)
(226, 231, 190)
(246, 210, 47)
(157, 120, 222)
(246, 82, 228)
(248, 254, 96)
(133, 247, 58)
(23, 133, 7)
(184, 61, 136)
(240, 122, 189)
(114, 235, 34)
(22, 36, 58)
(63, 228, 109)
(68, 92, 203)
(140, 55, 79)
(217, 220, 190)
(212, 77, 119)
(168, 166, 2)
(216, 167, 88)
(197, 121, 71)
(53, 44, 37)
(223, 67, 83)
(94, 89, 226)
(87, 29, 161)
(10, 183, 108)
(168, 1, 93)
(129, 3, 39)
(161, 178, 245)
(124, 86, 185)
(19, 26, 114)
(69, 102, 186)
(46, 247, 141)
(239, 90, 15)
(25, 127, 55)
(115, 202, 13)
(195, 187, 86)
(204, 173, 14)
(160, 27, 29)
(141, 12, 66)
(119, 99, 54)
(218, 0, 68)
(108, 50, 54)
(167, 168, 134)
(134, 204, 94)
(186, 83, 190)
(186, 149, 64)
(146, 19, 162)
(162, 162, 64)
(254, 100, 85)
(123, 11, 17)
(70, 3, 4)
(56, 10, 9)
(68, 4, 3)
(96, 28, 27)
(73, 26, 1)
(91, 25, 17)
(107, 16, 6)
(72, 32, 5)
(140, 54, 7)
(171, 65, 20)
(217, 98, 13)
(242, 136, 16)
(233, 159, 12)
(246, 208, 41)
(239, 222, 78)
(227, 232, 92)
(98, 181, 88)
(225, 89, 26)
(223, 59, 24)
(13, 68, 45)
(31, 48, 17)
(65, 49, 9)
(153, 101, 6)
(171, 111, 15)
(157, 105, 11)
(97, 78, 17)
(27, 32, 9)
(250, 17, 2)
(222, 3, 4)
(206, 8, 11)
(248, 21, 2)
(29, 53, 5)
(80, 74, 4)
(123, 91, 16)
(151, 103, 14)
(166, 115, 11)
(174, 127, 10)
(171, 134, 4)
(173, 127, 2)
(183, 128, 4)
(192, 134, 11)
(186, 128, 6)
(179, 124, 5)
(153, 116, 14)
(76, 71, 1)
(86, 77, 14)
(108, 77, 11)
(72, 78, 3)
(57, 78, 13)
(34, 54, 6)
(66, 91, 6)
(124, 132, 16)
(186, 188, 47)
(206, 205, 72)
(205, 230, 71)
(212, 254, 77)
(238, 22, 94)
(233, 23, 90)
(237, 10, 84)
(177, 214, 70)
(16, 143, 56)
(95, 56, 31)
(18, 11, 7)
(83, 7, 1)
(27, 73, 10)
(121, 89, 1)
(166, 112, 10)
(206, 164, 20)
(238, 181, 12)
(234, 197, 33)
(235, 191, 3)
(244, 189, 11)
(231, 236, 47)
(225, 15, 83)
(195, 228, 58)
(238, 99, 174)
(234, 42, 114)
(197, 192, 3)
(222, 215, 15)
(177, 167, 20)
(104, 91, 1)
(116, 86, 23)
(116, 76, 9)
(136, 97, 2)
(183, 127, 8)
(218, 147, 7)
(219, 148, 8)
(232, 155, 18)
(225, 154, 4)
(231, 170, 2)
(248, 223, 6)
(234, 45, 31)
(251, 98, 107)
(230, 240, 35)
(228, 179, 12)
(243, 197, 12)
(251, 212, 18)
(241, 202, 5)
(234, 205, 4)
(239, 214, 3)
(231, 8, 15)
(241, 129, 150)
(238, 5, 47)
(245, 69, 154)
(235, 67, 145)
(243, 111, 204)
(251, 197, 14)
(241, 203, 18)
(242, 204, 19)
(239, 201, 16)
(251, 213, 28)
(251, 213, 28)
(251, 213, 28)
(251, 213, 28)
(251, 213, 28)
(246, 208, 23)
(250, 212, 27)
(251, 213, 28)
(250, 212, 27)
(251, 213, 28)
(251, 213, 28)
(247, 209, 24)
(241, 203, 18)
(246, 213, 18)
(249, 216, 21)
(241, 208, 13)
(244, 211, 16)
(242, 209, 14)
(245, 212, 17)
(245, 212, 17)
(242, 209, 14)
(249, 200, 11)
(247, 197, 8)
(250, 202, 12)
(249, 202, 12)
(251, 203, 3)
(251, 203, 3)
(246, 198, 254)
(246, 198, 254)


(150, 132, 12)
(251, 106, 228)
(246, 103, 209)
(241, 98, 204)
(251, 110, 216)
(247, 114, 215)
(248, 117, 217)
(248, 120, 231)
(250, 125, 236)
(246, 133, 239)
(248, 137, 243)
(246, 143, 244)
(248, 136, 242)
(250, 125, 246)
(245, 133, 249)
(248, 135, 251)
(250, 137, 253)
(242, 134, 250)
(251, 144, 14)
(246, 138, 8)
(244, 136, 6)
(241, 148, 13)
(246, 128, 3)
(248, 124, 255)
(246, 114, 237)
(247, 85, 198)
(246, 69, 178)
(249, 37, 139)
(240, 16, 89)
(249, 198, 236)
(243, 90, 59)
(245, 13, 13)
(180, 10, 24)
(171, 146, 123)
(150, 251, 206)
(110, 3, 190)
(106, 230, 116)
(102, 181, 25)
(95, 150, 7)
(114, 157, 20)
(130, 202, 11)
(145, 27, 7)
(185, 194, 48)
(231, 44, 59)
(188, 24, 47)
(116, 122, 72)
(211, 233, 182)
(214, 229, 167)
(209, 209, 212)
(225, 69, 182)
(249, 45, 144)
(241, 152, 178)
(162, 196, 1)
(95, 147, 1)
(5, 105, 7)
(118, 52, 5)
(110, 103, 20)
(42, 119, 19)
(102, 114, 19)
(33, 147, 3)
(13, 190, 43)
(95, 35, 58)
(218, 213, 214)
(60, 29, 48)
(23, 167, 140)
(135, 140, 184)
(59, 116, 167)
(9, 136, 218)
(250, 229, 12)
(251, 231, 59)
(251, 119, 200)
(122, 133, 147)
(181, 37, 42)
(161, 21, 40)
(218, 102, 150)
(234, 159, 223)
(249, 224, 63)
(247, 20, 123)
(247, 38, 147)
(250, 28, 153)
(237, 241, 95)
(241, 129, 188)
(174, 235, 34)
(10, 86, 8)
(89, 18, 17)
(45, 13, 73)
(44, 132, 7)
(141, 155, 0)
(201, 194, 9)
(251, 126, 192)
(5, 229, 49)
(206, 132, 18)
(122, 40, 76)
(169, 243, 19)
(232, 26, 166)
(140, 76, 72)
(124, 161, 96)
(239, 22, 151)
(207, 174, 73)
(40, 56, 118)
(250, 231, 97)
(201, 93, 47)
(60, 72, 28)
(36, 28, 0)
(251, 3, 3)
(248, 0, 1)
(74, 43, 13)
(107, 49, 2)
(109, 26, 12)
(111, 46, 11)
(214, 187, 77)
(198, 202, 56)
(144, 35, 0)
(235, 0, 5)
(204, 0, 6)
(58, 2, 10)
(173, 0, 5)
(17, 33, 11)
(139, 74, 10)
(206, 105, 13)
(174, 108, 15)
(245, 36, 9)
(3, 1, 1)
(232, 7, 11)
(231, 1, 4)
(253, 1, 6)
(43, 2, 5)
(93, 12, 10)
(101, 4, 2)
(5, 81, 14)
(56, 95, 15)
(197, 16, 9)
(172, 3, 1)
(174, 12, 3)
(184, 8, 4)
(192, 6, 9)
(202, 8, 3)
(197, 8, 10)
(195, 6, 8)
(192, 6, 9)
(197, 11, 12)
(205, 11, 4)
(244, 19, 11)
(9, 34, 5)
(16, 49, 11)
(219, 22, 1)
(178, 6, 4)
(219, 22, 7)
(60, 82, 21)
(240, 46, 7)
(122, 6, 5)
(164, 17, 7)
(0, 42, 1)
(91, 69, 6)
(147, 106, 4)
(133, 114, 5)
(98, 98, 11)
(91, 75, 13)
(92, 75, 6)
(64, 66, 5)
(39, 31, 0)
(60, 41, 11)
(79, 63, 5)
(113, 77, 7)
(145, 107, 8)
(177, 121, 0)
(216, 140, 10)
(233, 140, 5)
(210, 129, 1)
(139, 114, 3)
(67, 92, 4)
(241, 42, 9)
(195, 11, 2)
(3, 40, 7)
(49, 66, 7)
(150, 98, 3)
(239, 159, 11)
(242, 176, 2)
(243, 177, 2)
(242, 166, 0)
(250, 180, 9)
(245, 184, 21)
(237, 191, 2)
(238, 15, 10)
(247, 48, 84)
(242, 251, 23)
(241, 230, 10)
(250, 255, 13)
(240, 206, 5)
(232, 153, 6)
(232, 126, 3)
(237, 131, 11)
(214, 116, 0)
(205, 128, 1)
(194, 128, 3)
(203, 137, 2)
(209, 144, 3)
(214, 171, 2)
(233, 214, 5)
(241, 255, 5)
(244, 27, 10)
(217, 52, 20)
(247, 202, 6)
(234, 57, 138)
(232, 156, 221)
(243, 191, 8)
(246, 188, 8)
(248, 200, 15)
(251, 203, 18)
(251, 207, 22)
(251, 203, 18)
(247, 199, 14)
(248, 200, 15)
(251, 203, 14)
(251, 203, 14)
(251, 203, 18)
(251, 204, 19)
(250, 204, 19)
(251, 203, 18)
(251, 203, 18)
(251, 203, 18)
(251, 203, 18)
(248, 191, 11)
(248, 193, 8)
(244, 186, 1)
(251, 193, 8)
(251, 193, 8)
(251, 194, 9)
(244, 186, 1)
(247, 189, 4)
(246, 188, 3)
(246, 188, 3)
(246, 188, 3)
(248, 188, 3)
(240, 181, 239)
(249, 181, 242)
(250, 182, 243)
(250, 172, 238)
(250, 172, 238)


(154, 118, 246)
(248, 100, 204)
(250, 93, 204)
(248, 91, 202)
(245, 87, 198)
(245, 102, 208)
(249, 106, 212)
(251, 108, 214)
(242, 99, 205)
(249, 106, 220)
(251, 118, 229)
(251, 122, 233)
(251, 118, 229)
(251, 118, 229)
(247, 119, 230)
(249, 121, 232)
(251, 123, 242)
(249, 122, 243)
(249, 127, 247)
(247, 119, 238)
(245, 117, 236)
(249, 114, 237)
(249, 109, 236)
(238, 79, 198)
(248, 67, 174)
(242, 32, 101)
(247, 239, 255)
(248, 141, 82)
(236, 19, 7)
(153, 178, 3)
(31, 126, 9)
(237, 137, 0)
(13, 210, 3)
(245, 235, 7)
(250, 6, 11)
(77, 154, 9)
(109, 228, 10)
(182, 85, 8)
(227, 23, 46)
(234, 70, 63)
(246, 98, 116)
(233, 91, 85)
(130, 99, 252)
(236, 227, 110)
(244, 222, 23)
(219, 222, 100)
(249, 43, 134)
(249, 246, 42)
(248, 90, 82)
(198, 182, 0)
(138, 121, 3)
(223, 57, 3)
(61, 92, 15)
(63, 173, 21)
(7, 135, 25)
(138, 222, 41)
(63, 240, 96)
(0, 88, 53)
(16, 156, 63)
(243, 145, 69)
(219, 142, 135)
(12, 238, 223)
(138, 113, 63)
(227, 137, 108)
(232, 214, 156)
(251, 207, 101)
(169, 117, 204)
(243, 76, 211)
(246, 50, 158)
(234, 25, 134)
(238, 6, 112)
(242, 194, 19)
(248, 153, 198)
(242, 107, 145)
(231, 88, 112)
(242, 137, 186)
(245, 219, 31)
(239, 26, 139)
(248, 71, 187)
(242, 96, 234)
(241, 114, 245)
(248, 111, 247)
(244, 82, 215)
(247, 49, 168)
(239, 234, 88)
(245, 85, 132)
(153, 181, 21)
(252, 57, 1)
(54, 2, 0)
(7, 202, 37)
(86, 165, 16)
(121, 230, 44)
(237, 33, 36)
(158, 6, 18)
(23, 63, 111)
(241, 43, 88)
(251, 50, 39)
(185, 199, 66)
(64, 25, 0)
(228, 186, 248)
(251, 221, 126)
(196, 161, 142)
(244, 53, 134)
(27, 190, 160)
(121, 211, 16)
(185, 216, 15)
(227, 211, 21)
(231, 170, 15)
(232, 118, 11)
(229, 110, 6)
(241, 113, 19)
(176, 71, 7)
(94, 41, 1)
(115, 71, 17)
(183, 106, 12)
(227, 129, 0)
(246, 148, 0)
(244, 128, 3)
(240, 115, 2)
(239, 106, 2)
(227, 91, 9)
(192, 67, 14)
(94, 51, 8)
(11, 25, 11)
(194, 2, 6)
(176, 3, 2)
(166, 2, 4)
(168, 4, 6)
(167, 4, 1)
(186, 6, 4)
(189, 7, 0)
(198, 4, 2)
(206, 7, 5)
(213, 7, 6)
(230, 14, 18)
(242, 8, 6)
(14, 21, 1)
(37, 24, 0)
(77, 32, 4)
(106, 45, 1)
(116, 58, 7)
(116, 58, 5)
(112, 62, 6)
(131, 66, 7)
(142, 85, 18)
(154, 93, 8)
(163, 93, 7)
(154, 90, 6)
(143, 90, 4)
(136, 83, 0)
(140, 87, 0)
(144, 91, 2)
(175, 92, 4)
(177, 86, 3)
(177, 100, 3)
(186, 106, 1)
(195, 113, 6)
(191, 106, 1)
(195, 108, 6)
(197, 110, 8)
(191, 102, 1)
(209, 120, 12)
(222, 124, 0)
(242, 140, 6)
(247, 148, 2)
(250, 160, 5)
(249, 158, 3)
(246, 170, 0)
(240, 174, 2)
(238, 161, 4)
(245, 169, 1)
(249, 165, 1)
(247, 175, 6)
(242, 174, 0)
(240, 177, 5)
(244, 191, 12)
(218, 211, 17)
(213, 0, 43)
(226, 56, 88)
(227, 89, 119)
(233, 125, 156)
(238, 162, 197)
(239, 0, 47)
(245, 84, 190)
(249, 198, 30)
(243, 220, 60)
(242, 213, 66)
(247, 213, 48)
(250, 212, 47)
(246, 208, 43)
(243, 205, 40)
(236, 198, 33)
(238, 188, 19)
(247, 190, 20)
(251, 189, 18)
(246, 197, 15)
(243, 181, 1)
(246, 169, 248)
(248, 151, 237)
(242, 137, 235)
(242, 141, 229)
(245, 141, 233)
(241, 151, 233)
(243, 171, 254)
(249, 181, 7)
(242, 184, 14)
(249, 191, 11)
(247, 189, 9)
(243, 185, 5)
(246, 188, 8)
(247, 191, 10)
(247, 193, 13)
(247, 190, 10)
(241, 180, 1)
(244, 183, 4)
(251, 180, 5)
(251, 183, 8)
(247, 186, 7)
(245, 185, 6)
(251, 177, 6)
(251, 169, 255)
(249, 166, 252)
(246, 163, 249)
(244, 173, 247)
(248, 178, 250)
(244, 174, 246)
(251, 173, 249)
(249, 173, 249)
(250, 174, 250)
(251, 171, 248)
(242, 162, 239)
(247, 163, 242)
(247, 163, 242)
(250, 162, 243)
(247, 157, 239)
(245, 143, 234)
(241, 138, 229)
(250, 149, 240)
(247, 157, 228)


(169, 107, 245)
(251, 73, 198)
(247, 84, 195)
(246, 88, 199)
(248, 90, 201)
(245, 98, 202)
(241, 94, 198)
(249, 95, 205)
(248, 107, 212)
(244, 101, 207)
(248, 105, 211)
(251, 100, 207)
(250, 108, 216)
(246, 113, 224)
(249, 116, 227)
(244, 101, 207)
(234, 91, 197)
(246, 88, 199)
(250, 92, 203)
(246, 83, 194)
(238, 75, 186)
(243, 55, 146)
(248, 31, 90)
(247, 241, 4)
(249, 143, 91)
(241, 40, 7)
(209, 218, 16)
(117, 169, 3)
(47, 145, 0)
(42, 164, 2)
(57, 232, 8)
(41, 57, 10)
(205, 114, 7)
(55, 61, 70)
(62, 137, 15)
(125, 187, 12)
(155, 228, 12)
(174, 252, 5)
(155, 246, 9)
(224, 101, 113)
(180, 131, 170)
(251, 216, 237)
(228, 208, 169)
(245, 62, 22)
(223, 205, 140)
(247, 31, 15)
(229, 195, 9)
(161, 123, 3)
(46, 71, 16)
(135, 133, 10)
(234, 143, 17)
(165, 137, 18)
(199, 154, 27)
(38, 62, 16)
(181, 38, 77)
(203, 74, 32)
(51, 215, 40)
(60, 234, 116)
(123, 99, 15)
(45, 224, 175)
(231, 234, 51)
(230, 233, 200)
(139, 119, 213)
(246, 130, 23)
(235, 117, 7)
(250, 115, 251)
(240, 102, 238)
(249, 87, 233)
(240, 77, 188)
(239, 76, 187)
(249, 56, 162)
(242, 5, 96)
(236, 214, 19)
(233, 206, 252)
(239, 182, 213)
(249, 234, 32)
(246, 42, 121)
(234, 87, 194)
(251, 125, 4)
(244, 132, 20)
(241, 131, 10)
(244, 130, 19)
(251, 138, 28)
(241, 123, 13)
(245, 117, 238)
(251, 68, 199)
(247, 7, 109)
(244, 128, 179)
(200, 214, 28)
(59, 109, 2)
(219, 123, 11)
(248, 170, 0)
(148, 114, 9)
(196, 134, 212)
(240, 92, 36)
(63, 245, 11)
(213, 141, 176)
(174, 140, 160)
(250, 124, 207)
(209, 153, 21)
(189, 31, 100)
(246, 163, 105)
(246, 170, 73)
(194, 67, 84)
(229, 243, 114)
(224, 216, 216)
(201, 158, 15)
(245, 139, 15)
(250, 134, 11)
(242, 118, 4)
(234, 105, 0)
(236, 115, 16)
(219, 103, 5)
(211, 101, 13)
(182, 87, 6)
(143, 85, 6)
(104, 78, 9)
(72, 49, 11)
(67, 39, 0)
(76, 55, 1)
(123, 92, 4)
(193, 123, 10)
(241, 157, 0)
(247, 176, 9)
(246, 175, 14)
(232, 170, 11)
(204, 168, 14)
(204, 223, 67)
(231, 52, 131)
(243, 126, 214)
(245, 149, 246)
(247, 151, 241)
(232, 102, 195)
(230, 60, 146)
(222, 13, 96)
(217, 232, 66)
(195, 178, 29)
(187, 141, 4)
(185, 127, 4)
(199, 119, 12)
(208, 123, 9)
(210, 118, 0)
(224, 125, 9)
(243, 133, 10)
(245, 132, 8)
(249, 139, 4)
(242, 142, 5)
(244, 152, 13)
(244, 157, 16)
(241, 157, 13)
(236, 163, 14)
(242, 151, 0)
(243, 149, 3)
(239, 139, 5)
(245, 142, 8)
(248, 133, 11)
(243, 135, 11)
(238, 136, 12)
(227, 184, 18)
(227, 22, 64)
(244, 113, 157)
(239, 222, 29)
(246, 27, 115)
(242, 84, 178)
(245, 119, 230)
(249, 165, 26)
(250, 202, 64)
(248, 213, 75)
(245, 206, 71)
(251, 213, 80)
(251, 217, 74)
(251, 218, 73)
(251, 218, 73)
(251, 218, 73)
(251, 218, 73)
(249, 216, 71)
(241, 211, 66)
(251, 217, 74)
(246, 205, 54)
(246, 205, 54)
(245, 204, 53)
(248, 206, 56)
(236, 193, 43)
(244, 201, 51)
(231, 188, 38)
(245, 202, 52)
(249, 206, 56)
(246, 203, 53)
(245, 202, 52)
(246, 208, 43)
(243, 199, 36)
(248, 206, 43)
(251, 198, 38)
(246, 193, 33)
(251, 191, 36)
(244, 182, 27)
(248, 185, 30)
(248, 185, 30)
(246, 188, 18)
(243, 181, 13)
(246, 184, 16)
(251, 181, 16)
(251, 180, 15)
(251, 181, 16)
(251, 179, 14)
(251, 178, 13)
(251, 178, 13)
(248, 175, 10)
(249, 166, 0)
(249, 166, 0)
(251, 168, 254)
(251, 168, 254)
(251, 168, 254)
(251, 168, 254)
(245, 157, 243)
(245, 160, 246)
(243, 158, 244)
(250, 162, 248)
(249, 161, 247)
(247, 159, 245)
(246, 158, 244)
(242, 154, 240)
(249, 150, 240)
(247, 148, 238)
(251, 150, 241)
(247, 144, 230)
(251, 148, 234)
(251, 152, 238)
(247, 144, 230)
(245, 142, 228)
(246, 138, 224)
(251, 143, 229)
(251, 143, 229)
(248, 140, 226)
(245, 137, 223)
(246, 138, 224)
(243, 135, 221)
(245, 137, 223)
(245, 131, 219)


(151, 108, 224)
(243, 73, 170)
(250, 72, 183)
(251, 75, 186)
(251, 77, 188)
(250, 82, 191)
(251, 83, 192)
(248, 85, 191)
(248, 93, 198)
(248, 90, 201)
(251, 93, 204)
(251, 93, 204)
(251, 93, 204)
(251, 93, 204)
(251, 93, 204)
(247, 86, 194)
(251, 88, 199)
(251, 80, 194)
(250, 72, 183)
(244, 47, 131)
(246, 17, 81)
(235, 208, 215)
(244, 91, 44)
(233, 1, 1)
(221, 213, 13)
(173, 214, 6)
(222, 145, 130)
(183, 231, 222)
(137, 72, 49)
(156, 75, 246)
(170, 90, 126)
(184, 168, 142)
(217, 77, 144)
(231, 91, 43)
(214, 184, 227)
(222, 105, 127)
(172, 92, 66)
(191, 91, 59)
(189, 77, 85)
(145, 89, 156)
(250, 203, 108)
(236, 198, 186)
(238, 244, 9)
(186, 40, 0)
(244, 195, 11)
(221, 143, 13)
(140, 122, 19)
(19, 184, 0)
(83, 163, 47)
(138, 84, 91)
(128, 226, 164)
(124, 72, 136)
(95, 22, 83)
(105, 23, 31)
(13, 158, 44)
(45, 1, 54)
(126, 78, 108)
(221, 77, 98)
(216, 230, 195)
(228, 235, 148)
(132, 152, 217)
(238, 136, 30)
(240, 129, 17)
(234, 126, 0)
(249, 138, 25)
(240, 122, 3)
(244, 112, 245)
(235, 92, 208)
(244, 86, 197)
(246, 66, 180)
(244, 55, 159)
(248, 26, 112)
(246, 250, 59)
(243, 243, 47)
(251, 6, 57)
(243, 23, 83)
(247, 73, 162)
(247, 95, 214)
(247, 135, 254)
(246, 140, 24)
(247, 131, 21)
(247, 132, 22)
(246, 128, 13)
(243, 119, 6)
(251, 119, 9)
(250, 103, 244)
(243, 81, 204)
(250, 39, 130)
(239, 177, 241)
(224, 8, 22)
(134, 165, 2)
(100, 195, 1)
(130, 44, 21)
(193, 85, 9)
(241, 183, 229)
(254, 43, 37)
(235, 188, 19)
(76, 131, 194)
(197, 22, 56)
(219, 249, 76)
(167, 90, 48)
(134, 201, 41)
(157, 187, 216)
(174, 253, 2)
(249, 210, 160)
(250, 192, 22)
(185, 185, 49)
(235, 143, 27)
(249, 139, 35)
(239, 139, 40)
(244, 149, 50)
(243, 158, 75)
(243, 189, 98)
(247, 210, 125)
(251, 212, 134)
(248, 214, 143)
(247, 204, 134)
(251, 208, 129)
(246, 205, 120)
(251, 216, 131)
(249, 209, 124)
(246, 215, 128)
(251, 217, 132)
(251, 215, 130)
(245, 207, 122)
(248, 210, 125)
(246, 206, 115)
(246, 203, 108)
(245, 202, 107)
(246, 203, 108)
(251, 208, 113)
(250, 208, 113)
(249, 207, 112)
(247, 204, 106)
(243, 200, 102)
(249, 207, 109)
(248, 205, 105)
(251, 208, 108)
(251, 208, 108)
(251, 208, 108)
(251, 211, 111)
(251, 210, 110)
(249, 214, 99)
(245, 207, 92)
(242, 204, 89)
(245, 207, 92)
(249, 211, 96)
(246, 211, 96)
(246, 208, 93)
(248, 204, 86)
(243, 199, 81)
(240, 196, 74)
(242, 198, 76)
(248, 205, 83)
(247, 203, 81)
(245, 197, 77)
(251, 209, 80)
(251, 209, 71)
(247, 204, 69)
(248, 205, 70)
(241, 200, 65)
(240, 199, 64)
(244, 201, 66)
(248, 205, 70)
(247, 204, 69)
(247, 204, 69)
(246, 203, 63)
(248, 196, 59)
(248, 200, 63)
(249, 191, 56)
(249, 191, 56)
(251, 193, 58)
(246, 188, 53)
(251, 195, 60)
(251, 195, 54)
(251, 201, 51)
(250, 189, 44)
(245, 184, 39)
(245, 182, 37)
(251, 188, 43)
(251, 188, 43)
(251, 189, 44)
(248, 185, 40)
(251, 188, 43)
(251, 188, 37)
(247, 184, 29)
(247, 184, 29)
(244, 181, 26)
(246, 185, 30)
(243, 180, 25)
(248, 173, 23)
(248, 172, 22)
(250, 173, 23)
(251, 173, 23)
(245, 176, 23)
(251, 173, 23)
(251, 173, 17)
(251, 168, 12)
(251, 168, 12)
(251, 168, 8)
(251, 168, 8)
(246, 169, 6)
(248, 165, 5)
(248, 159, 2)
(248, 159, 2)
(247, 154, 255)
(244, 151, 252)
(244, 154, 246)
(248, 156, 250)
(243, 146, 235)
(251, 147, 240)
(250, 147, 240)
(251, 148, 241)
(244, 135, 229)
(245, 136, 230)
(251, 139, 235)
(251, 134, 230)
(250, 137, 233)
(248, 133, 229)
(245, 132, 228)
(241, 128, 224)
(244, 131, 227)
(249, 133, 229)
(249, 133, 229)
(249, 133, 229)
(251, 131, 225)
(251, 128, 222)
(251, 130, 221)
(251, 128, 213)
(249, 120, 214)
(248, 115, 211)
(249, 118, 214)
(248, 115, 211)
(251, 118, 214)
(251, 119, 215)
(242, 109, 205)
(239, 106, 202)
(246, 113, 209)
(251, 114, 210)


(169, 101, 232)
(251, 70, 188)
(251, 78, 174)
(251, 79, 175)
(251, 83, 179)
(251, 79, 175)
(251, 79, 175)
(247, 69, 180)
(245, 82, 188)
(250, 90, 196)
(249, 86, 192)
(246, 84, 190)
(243, 80, 186)
(243, 80, 186)
(246, 73, 177)
(251, 69, 176)
(247, 66, 166)
(244, 57, 148)
(249, 42, 110)
(245, 5, 73)
(247, 243, 12)
(249, 162, 144)
(231, 81, 15)
(234, 13, 6)
(221, 233, 9)
(212, 220, 11)
(217, 14, 7)
(240, 161, 124)
(246, 117, 81)
(218, 211, 147)
(214, 60, 149)
(203, 105, 62)
(225, 98, 177)
(227, 161, 151)
(241, 133, 125)
(242, 66, 62)
(189, 55, 15)
(181, 57, 14)
(219, 102, 107)
(108, 148, 5)
(249, 197, 76)
(244, 54, 35)
(249, 192, 153)
(226, 240, 0)
(215, 9, 2)
(250, 71, 171)
(223, 68, 203)
(209, 127, 16)
(151, 54, 122)
(220, 96, 185)
(208, 122, 138)
(224, 180, 246)
(127, 54, 110)
(95, 46, 93)
(170, 131, 166)
(155, 94, 95)
(108, 202, 138)
(219, 237, 176)
(213, 202, 7)
(239, 131, 5)
(246, 139, 19)
(246, 138, 18)
(247, 142, 22)
(250, 122, 253)
(250, 126, 1)
(250, 102, 233)
(250, 86, 212)
(244, 86, 197)
(250, 72, 183)
(246, 59, 150)
(247, 49, 125)
(233, 21, 92)
(240, 21, 60)
(243, 20, 61)
(249, 39, 75)
(246, 51, 114)
(245, 92, 183)
(251, 118, 214)
(243, 125, 0)
(243, 135, 15)
(247, 129, 14)
(249, 131, 21)
(244, 129, 19)
(249, 131, 16)
(251, 121, 11)
(243, 105, 241)
(241, 83, 204)
(251, 75, 170)
(251, 0, 86)
(244, 128, 134)
(218, 235, 4)
(157, 199, 0)
(182, 28, 4)
(232, 151, 17)
(235, 19, 32)
(12, 243, 13)
(92, 172, 17)
(250, 87, 2)
(224, 139, 76)
(234, 157, 6)
(203, 89, 45)
(36, 38, 12)
(164, 251, 44)
(251, 223, 174)
(200, 42, 75)
(221, 209, 248)
(244, 164, 69)
(242, 169, 79)
(243, 170, 80)
(248, 175, 85)
(240, 177, 82)
(251, 192, 97)
(250, 187, 92)
(246, 198, 98)
(240, 192, 92)
(249, 201, 101)
(245, 197, 97)
(249, 189, 93)
(249, 186, 91)
(251, 188, 93)
(251, 190, 95)
(251, 188, 93)
(251, 188, 93)
(250, 189, 94)
(251, 188, 93)
(251, 188, 93)
(249, 191, 95)
(249, 189, 93)
(247, 187, 91)
(249, 192, 96)
(250, 189, 94)
(251, 193, 98)
(243, 180, 85)
(246, 184, 79)
(246, 183, 78)
(251, 190, 85)
(251, 191, 86)
(250, 188, 83)
(251, 190, 85)
(247, 185, 80)
(247, 185, 80)
(248, 185, 80)
(250, 187, 82)
(251, 194, 74)
(247, 191, 71)
(249, 193, 73)
(248, 192, 72)
(249, 193, 73)
(248, 192, 72)
(249, 193, 73)
(248, 192, 72)
(251, 193, 73)
(251, 193, 63)
(250, 192, 62)
(251, 193, 63)
(251, 193, 63)
(251, 193, 63)
(251, 193, 63)
(251, 193, 63)
(251, 196, 66)
(250, 191, 63)
(241, 179, 51)
(250, 188, 53)
(250, 188, 53)
(250, 188, 53)
(251, 188, 53)
(247, 189, 54)
(246, 183, 48)
(248, 185, 50)
(243, 180, 45)
(250, 180, 49)
(251, 175, 37)
(250, 172, 34)
(251, 174, 36)
(248, 171, 31)
(250, 172, 32)
(251, 175, 35)
(249, 162, 27)
(246, 158, 23)
(247, 159, 24)
(250, 164, 29)
(249, 162, 27)
(246, 163, 13)
(248, 166, 16)
(249, 167, 17)
(251, 168, 18)
(251, 168, 18)
(251, 170, 22)
(250, 166, 18)
(247, 160, 12)
(245, 159, 11)
(248, 161, 13)
(247, 154, 9)
(243, 150, 251)
(246, 153, 254)
(239, 146, 247)
(240, 147, 248)
(246, 153, 254)
(242, 149, 250)
(248, 147, 248)
(250, 153, 254)
(250, 149, 250)
(251, 148, 249)
(241, 138, 229)
(245, 134, 229)
(249, 136, 232)
(248, 135, 231)
(242, 129, 225)
(247, 132, 228)
(248, 133, 229)
(251, 133, 225)
(250, 127, 219)
(251, 135, 227)
(251, 128, 224)
(251, 128, 224)
(251, 123, 219)
(251, 119, 215)
(248, 116, 213)
(247, 114, 211)
(250, 117, 213)
(251, 119, 215)
(251, 118, 214)
(247, 114, 210)
(248, 115, 211)
(244, 111, 207)
(245, 112, 208)
(251, 113, 209)
(251, 113, 209)
(251, 113, 209)
(251, 113, 209)
(251, 117, 213)
(246, 108, 204)
(245, 107, 203)
(247, 109, 205)
(246, 108, 204)
(245, 108, 204)
(243, 99, 197)
(251, 100, 201)
(251, 98, 189)


(168, 80, 216)
(251, 63, 163)
(251, 63, 154)
(238, 55, 146)
(242, 59, 150)
(246, 63, 154)
(240, 57, 148)
(251, 68, 159)
(251, 68, 159)
(248, 65, 156)
(248, 65, 166)
(251, 78, 174)
(251, 73, 174)
(248, 66, 167)
(247, 64, 155)
(246, 63, 154)
(239, 55, 146)
(245, 45, 122)
(240, 25, 85)
(248, 5, 46)
(238, 226, 242)
(251, 164, 110)
(246, 77, 21)
(232, 15, 4)
(195, 239, 0)
(197, 241, 2)
(224, 82, 23)
(248, 246, 3)
(251, 32, 72)
(240, 15, 23)
(224, 170, 69)
(119, 129, 3)
(78, 196, 5)
(87, 230, 13)
(151, 138, 15)
(132, 217, 19)
(145, 250, 38)
(157, 60, 39)
(143, 49, 11)
(130, 106, 129)
(230, 181, 38)
(230, 78, 36)
(249, 94, 157)
(191, 50, 0)
(231, 44, 102)
(245, 207, 249)
(238, 15, 94)
(232, 90, 78)
(201, 85, 10)
(222, 82, 130)
(191, 75, 154)
(152, 49, 60)
(209, 115, 51)
(166, 34, 14)
(225, 142, 132)
(187, 94, 170)
(239, 220, 123)
(110, 209, 250)
(228, 139, 228)
(240, 121, 229)
(250, 123, 234)
(243, 130, 236)
(251, 131, 227)
(251, 118, 219)
(237, 94, 210)
(240, 87, 188)
(246, 83, 194)
(244, 60, 153)
(241, 68, 144)
(237, 29, 100)
(246, 23, 64)
(231, 8, 49)
(244, 1, 42)
(246, 23, 59)
(238, 70, 126)
(245, 92, 183)
(246, 123, 219)
(246, 122, 221)
(251, 121, 0)
(244, 127, 255)
(251, 134, 9)
(241, 123, 254)
(243, 125, 10)
(251, 126, 1)
(243, 113, 239)
(236, 92, 211)
(241, 78, 189)
(240, 53, 144)
(251, 246, 31)
(235, 117, 86)
(241, 246, 9)
(198, 215, 2)
(219, 21, 6)
(228, 149, 9)
(149, 34, 18)
(97, 191, 114)
(40, 181, 92)
(180, 210, 88)
(214, 184, 1)
(223, 121, 16)
(250, 213, 0)
(199, 217, 40)
(251, 168, 141)
(221, 43, 135)
(211, 204, 0)
(237, 152, 41)
(249, 156, 51)
(245, 160, 51)
(249, 167, 57)
(250, 167, 59)
(249, 168, 68)
(240, 169, 68)
(251, 173, 73)
(251, 171, 71)
(242, 177, 73)
(242, 169, 69)
(251, 173, 73)
(251, 168, 58)
(250, 167, 57)
(251, 168, 58)
(239, 171, 56)
(242, 173, 61)
(246, 178, 63)
(242, 175, 60)
(246, 180, 65)
(251, 168, 58)
(251, 173, 63)
(247, 164, 54)
(247, 165, 55)
(249, 169, 59)
(251, 171, 61)
(251, 173, 63)
(246, 163, 53)
(251, 172, 66)
(251, 171, 65)
(251, 173, 67)
(251, 173, 67)
(249, 173, 67)
(247, 169, 63)
(251, 175, 65)
(249, 169, 59)
(250, 168, 58)
(246, 164, 44)
(249, 166, 46)
(251, 168, 48)
(251, 168, 48)
(251, 168, 48)
(251, 168, 48)
(251, 168, 48)
(251, 168, 48)
(251, 168, 48)
(249, 166, 46)
(251, 168, 48)
(247, 170, 48)
(242, 170, 38)
(251, 173, 43)
(251, 173, 43)
(248, 170, 40)
(249, 174, 44)
(249, 171, 41)
(251, 173, 43)
(251, 173, 43)
(247, 175, 43)
(247, 177, 45)
(251, 173, 43)
(251, 167, 42)
(251, 163, 28)
(246, 158, 23)
(251, 163, 28)
(251, 165, 30)
(251, 168, 33)
(247, 156, 21)
(250, 159, 24)
(251, 158, 23)
(251, 158, 23)
(251, 158, 23)
(250, 157, 22)
(248, 155, 20)
(249, 156, 11)
(243, 150, 5)
(244, 151, 6)
(245, 152, 7)
(240, 147, 2)
(247, 139, 255)
(251, 144, 4)
(247, 139, 255)
(250, 142, 2)
(251, 143, 7)
(247, 140, 253)
(251, 148, 249)
(251, 148, 249)
(251, 148, 249)
(249, 136, 242)
(246, 133, 239)
(251, 138, 234)
(251, 138, 234)
(251, 140, 236)
(246, 133, 229)
(244, 131, 227)
(251, 129, 225)
(251, 133, 229)
(251, 131, 222)
(251, 128, 219)
(251, 128, 219)
(250, 128, 219)
(243, 120, 211)
(250, 119, 215)
(251, 118, 214)
(251, 118, 214)
(251, 118, 214)
(250, 117, 213)
(248, 115, 211)
(247, 114, 210)
(251, 113, 209)
(251, 113, 209)
(251, 113, 199)
(251, 113, 199)
(247, 110, 196)
(247, 109, 195)
(246, 108, 194)
(246, 108, 194)
(246, 108, 194)
(251, 100, 191)
(251, 100, 191)
(249, 96, 187)
(244, 91, 182)
(246, 93, 184)
(251, 98, 189)
(251, 98, 189)
(251, 98, 189)
(251, 93, 189)
(236, 83, 174)
(241, 88, 179)
(251, 93, 174)
(251, 93, 174)
(251, 93, 174)
(251, 93, 174)
(249, 91, 172)
(245, 87, 168)
